110.0 18.0 409
110.0 19.0 407
110.0 20.0 407
110.0 21.0 405
110.0 22.0 404
110.0 23.0 403
110.0 24.0 403
110.0 25.0 403
110.0 26.0 403
110.0 27.0 403
110.0 28.0 403
110.0 29.0 402
110.0 30.0 402
110.0 31.0 402
110.0 32.0 402
110.0 33.0 401
110.0 34.0 401
110.0 35.0 401
110.0 36.0 401
110.0 37.0 401
110.0 38.0 401
110.0 39.0 400
110.0 40.0 400
110.0 41.0 400
110.0 42.0 400
110.0 43.0 400
110.0 44.0 401
110.0 45.0 401
110.0 46.0 402
110.0 47.0 402
110.0 48.0 401
110.0 49.0 401
110.0 50.0 400
110.0 51.0 399
110.0 52.0 399
110.0 53.0 399
110.0 54.0 399
110.0 55.0 399
110.0 56.0 399
110.0 57.0 399
110.0 58.0 399
111.0 18.0 410
111.0 19.0 408
111.0 20.0 406
111.0 21.0 406
111.0 22.0 404
111.0 23.0 404
111.0 24.0 404
111.0 25.0 404
111.0 26.0 404
111.0 27.0 404
111.0 28.0 403
111.0 29.0 403
111.0 30.0 403
111.0 31.0 403
111.0 32.0 402
111.0 33.0 402
111.0 34.0 401
111.0 35.0 401
111.0 36.0 400
111.0 37.0 401
111.0 38.0 400
111.0 39.0 400
111.0 40.0 400
111.0 41.0 400
111.0 42.0 400
111.0 43.0 400
111.0 44.0 400
111.0 45.0 400
111.0 46.0 399
111.0 47.0 399
111.0 48.0 399
111.0 49.0 399
111.0 50.0 400
111.0 51.0 399
111.0 52.0 399
111.0 53.0 399
111.0 54.0 399
111.0 55.0 399
111.0 56.0 399
111.0 57.0 399
111.0 58.0 399
112.0 18.0 410
112.0 19.0 408
112.0 20.0 408
112.0 21.0 407
112.0 22.0 405
112.0 23.0 405
112.0 24.0 405
112.0 25.0 405
112.0 26.0 406
112.0 27.0 406
112.0 28.0 406
112.0 29.0 405
112.0 30.0 405
112.0 31.0 404
112.0 32.0 403
112.0 33.0 402
112.0 34.0 402
112.0 35.0 401
112.0 36.0 401
112.0 37.0 400
112.0 38.0 400
112.0 39.0 400
112.0 40.0 400
112.0 41.0 400
112.0 42.0 400
112.0 43.0 400
112.0 44.0 400
112.0 45.0 400
112.0 46.0 400
112.0 47.0 399
112.0 48.0 399
112.0 49.0 400
112.0 50.0 400
112.0 51.0 400
112.0 52.0 399
112.0 53.0 399
112.0 54.0 399
112.0 55.0 399
112.0 56.0 399
112.0 57.0 398
112.0 58.0 399
113.0 18.0 410
113.0 19.0 409
113.0 20.0 409
113.0 21.0 408
113.0 22.0 407
113.0 23.0 407
113.0 24.0 408
113.0 25.0 408
113.0 26.0 408
113.0 27.0 409
113.0 28.0 409
113.0 29.0 408
113.0 30.0 407
113.0 31.0 406
113.0 32.0 405
113.0 33.0 403
113.0 34.0 402
113.0 35.0 401
113.0 36.0 401
113.0 37.0 400
113.0 38.0 400
113.0 39.0 400
113.0 40.0 400
113.0 41.0 400
113.0 42.0 400
113.0 43.0 400
113.0 44.0 399
113.0 45.0 399
113.0 46.0 400
113.0 47.0 399
113.0 48.0 399
113.0 49.0 399
113.0 50.0 400
113.0 51.0 399
113.0 52.0 399
113.0 53.0 399
113.0 54.0 399
113.0 55.0 399
113.0 56.0 399
113.0 57.0 399
113.0 58.0 398
114.0 18.0 411
114.0 19.0 410
114.0 20.0 409
114.0 21.0 410
114.0 22.0 410
114.0 23.0 410
114.0 24.0 410
114.0 25.0 411
114.0 26.0 411
114.0 27.0 411
114.0 28.0 411
114.0 29.0 410
114.0 30.0 409
114.0 31.0 408
114.0 32.0 407
114.0 33.0 405
114.0 34.0 403
114.0 35.0 402
114.0 36.0 401
114.0 37.0 400
114.0 38.0 400
114.0 39.0 400
114.0 40.0 400
114.0 41.0 400
114.0 42.0 399
114.0 43.0 400
114.0 44.0 400
114.0 45.0 400
114.0 46.0 400
114.0 47.0 399
114.0 48.0 399
114.0 49.0 399
114.0 50.0 399
114.0 51.0 399
114.0 52.0 399
114.0 53.0 399
114.0 54.0 399
114.0 55.0 399
114.0 56.0 399
114.0 57.0 399
114.0 58.0 399
115.0 18.0 411
115.0 19.0 411
115.0 20.0 411
115.0 21.0 412
115.0 22.0 413
115.0 23.0 413
115.0 24.0 413
115.0 25.0 412
115.0 26.0 411
115.0 27.0 410
115.0 28.0 411
115.0 29.0 411
115.0 30.0 411
115.0 31.0 410
115.0 32.0 409
115.0 33.0 407
115.0 34.0 405
115.0 35.0 403
115.0 36.0 402
115.0 37.0 401
115.0 38.0 401
115.0 39.0 401
115.0 40.0 400
115.0 41.0 400
115.0 42.0 400
115.0 43.0 400
115.0 44.0 400
115.0 45.0 399
115.0 46.0 399
115.0 47.0 399
115.0 48.0 400
115.0 49.0 399
115.0 50.0 399
115.0 51.0 399
115.0 52.0 399
115.0 53.0 398
115.0 54.0 399
115.0 55.0 399
115.0 56.0 399
115.0 57.0 399
115.0 58.0 399
116.0 18.0 413
116.0 19.0 412
116.0 20.0 413
116.0 21.0 415
116.0 22.0 415
116.0 23.0 414
116.0 24.0 412
116.0 25.0 410
116.0 26.0 408
116.0 27.0 407
116.0 28.0 407
116.0 29.0 408
116.0 30.0 409
116.0 31.0 410
116.0 32.0 410
116.0 33.0 409
116.0 34.0 407
116.0 35.0 404
116.0 36.0 402
116.0 37.0 401
116.0 38.0 400
116.0 39.0 400
116.0 40.0 400
116.0 41.0 400
116.0 42.0 400
116.0 43.0 400
116.0 44.0 400
116.0 45.0 400
116.0 46.0 400
116.0 47.0 399
116.0 48.0 399
116.0 49.0 400
116.0 50.0 399
116.0 51.0 400
116.0 52.0 399
116.0 53.0 399
116.0 54.0 399
116.0 55.0 399
116.0 56.0 399
116.0 57.0 399
116.0 58.0 399
117.0 18.0 415
117.0 19.0 414
117.0 20.0 414
117.0 21.0 416
117.0 22.0 416
117.0 23.0 413
117.0 24.0 410
117.0 25.0 407
117.0 26.0 405
117.0 27.0 403
117.0 28.0 403
117.0 29.0 403
117.0 30.0 404
117.0 31.0 407
117.0 32.0 409
117.0 33.0 410
117.0 34.0 409
117.0 35.0 406
117.0 36.0 404
117.0 37.0 402
117.0 38.0 401
117.0 39.0 401
117.0 40.0 401
117.0 41.0 401
117.0 42.0 401
117.0 43.0 400
117.0 44.0 400
117.0 45.0 400
117.0 46.0 400
117.0 47.0 399
117.0 48.0 399
117.0 49.0 400
117.0 50.0 399
117.0 51.0 399
117.0 52.0 399
117.0 53.0 399
117.0 54.0 399
117.0 55.0 399
117.0 56.0 399
117.0 57.0 399
117.0 58.0 399
118.0 18.0 418
118.0 19.0 416
118.0 20.0 417
118.0 21.0 416
118.0 22.0 414
118.0 23.0 410
118.0 24.0 408
118.0 25.0 407
118.0 26.0 408
118.0 27.0 409
118.0 28.0 407
118.0 29.0 404
118.0 30.0 402
118.0 31.0 403
118.0 32.0 407
118.0 33.0 409
118.0 34.0 410
118.0 35.0 408
118.0 36.0 405
118.0 37.0 402
118.0 38.0 401
118.0 39.0 401
118.0 40.0 401
118.0 41.0 400
118.0 42.0 401
118.0 43.0 400
118.0 44.0 400
118.0 45.0 400
118.0 46.0 400
118.0 47.0 399
118.0 48.0 399
118.0 49.0 399
118.0 50.0 399
118.0 51.0 400
118.0 52.0 399
118.0 53.0 399
118.0 54.0 399
118.0 55.0 399
118.0 56.0 399
118.0 57.0 399
118.0 58.0 399
119.0 18.0 421
119.0 19.0 418
119.0 20.0 417
119.0 21.0 415
119.0 22.0 411
119.0 23.0 409
119.0 24.0 412
119.0 25.0 419
119.0 26.0 428
119.0 27.0 431
119.0 28.0 427
119.0 29.0 417
119.0 30.0 407
119.0 31.0 401
119.0 32.0 404
119.0 33.0 408
119.0 34.0 410
119.0 35.0 410
119.0 36.0 407
119.0 37.0 404
119.0 38.0 402
119.0 39.0 402
119.0 40.0 401
119.0 41.0 401
119.0 42.0 400
119.0 43.0 400
119.0 44.0 400
119.0 45.0 400
119.0 46.0 400
119.0 47.0 400
119.0 48.0 399
119.0 49.0 400
119.0 50.0 399
119.0 51.0 399
119.0 52.0 399
119.0 53.0 399
119.0 54.0 399
119.0 55.0 400
119.0 56.0 401
119.0 57.0 402
119.0 58.0 403
120.0 18.0 423
120.0 19.0 420
120.0 20.0 417
120.0 21.0 413
120.0 22.0 409
120.0 23.0 412
120.0 24.0 425
120.0 25.0 444
120.0 26.0 460
120.0 27.0 465
120.0 28.0 460
120.0 29.0 444
120.0 30.0 423
120.0 31.0 407
120.0 32.0 402
120.0 33.0 405
120.0 34.0 409
120.0 35.0 410
120.0 36.0 408
120.0 37.0 405
120.0 38.0 402
120.0 39.0 401
120.0 40.0 401
120.0 41.0 401
120.0 42.0 400
120.0 43.0 400
120.0 44.0 400
120.0 45.0 400
120.0 46.0 400
120.0 47.0 400
120.0 48.0 399
120.0 49.0 399
120.0 50.0 399
120.0 51.0 399
120.0 52.0 399
120.0 53.0 399
120.0 54.0 399
120.0 55.0 399
120.0 56.0 399
120.0 57.0 399
120.0 58.0 399
121.0 18.0 425
121.0 19.0 420
121.0 20.0 416
121.0 21.0 411
121.0 22.0 408
121.0 23.0 420
121.0 24.0 445
121.0 25.0 472
121.0 26.0 492
121.0 27.0 500
121.0 28.0 493
121.0 29.0 474
121.0 30.0 446
121.0 31.0 418
121.0 32.0 403
121.0 33.0 404
121.0 34.0 408
121.0 35.0 410
121.0 36.0 409
121.0 37.0 406
121.0 38.0 403
121.0 39.0 401
121.0 40.0 401
121.0 41.0 401
121.0 42.0 400
121.0 43.0 401
121.0 44.0 400
121.0 45.0 400
121.0 46.0 400
121.0 47.0 399
121.0 48.0 399
121.0 49.0 399
121.0 50.0 399
121.0 51.0 400
121.0 52.0 400
121.0 53.0 400
121.0 54.0 399
121.0 55.0 399
121.0 56.0 399
121.0 57.0 399
121.0 58.0 399
122.0 18.0 424
122.0 19.0 420
122.0 20.0 415
122.0 21.0 409
122.0 22.0 409
122.0 23.0 430
122.0 24.0 464
122.0 25.0 496
122.0 26.0 517
122.0 27.0 525
122.0 28.0 518
122.0 29.0 498
122.0 30.0 466
122.0 31.0 432
122.0 32.0 408
122.0 33.0 403
122.0 34.0 408
122.0 35.0 412
122.0 36.0 411
122.0 37.0 407
122.0 38.0 404
122.0 39.0 402
122.0 40.0 401
122.0 41.0 401
122.0 42.0 400
122.0 43.0 400
122.0 44.0 400
122.0 45.0 400
122.0 46.0 399
122.0 47.0 400
122.0 48.0 399
122.0 49.0 400
122.0 50.0 399
122.0 51.0 399
122.0 52.0 399
122.0 53.0 399
122.0 54.0 399
122.0 55.0 399
122.0 56.0 398
122.0 57.0 399
122.0 58.0 399
123.0 18.0 423
123.0 19.0 420
123.0 20.0 414
123.0 21.0 407
123.0 22.0 412
123.0 23.0 437
123.0 24.0 476
123.0 25.0 512
123.0 26.0 533
123.0 27.0 541
123.0 28.0 533
123.0 29.0 512
123.0 30.0 480
123.0 31.0 442
123.0 32.0 413
123.0 33.0 405
123.0 34.0 409
123.0 35.0 412
123.0 36.0 412
123.0 37.0 409
123.0 38.0 405
123.0 39.0 403
123.0 40.0 402
123.0 41.0 401
123.0 42.0 401
123.0 43.0 400
123.0 44.0 400
123.0 45.0 400
123.0 46.0 400
123.0 47.0 400
123.0 48.0 400
123.0 49.0 400
123.0 50.0 399
123.0 51.0 399
123.0 52.0 399
123.0 53.0 399
123.0 54.0 399
123.0 55.0 399
123.0 56.0 399
123.0 57.0 399
123.0 58.0 399
124.0 18.0 420
124.0 19.0 418
124.0 20.0 414
124.0 21.0 407
124.0 22.0 411
124.0 23.0 439
124.0 24.0 478
124.0 25.0 514
124.0 26.0 537
124.0 27.0 544
124.0 28.0 538
124.0 29.0 518
124.0 30.0 485
124.0 31.0 446
124.0 32.0 416
124.0 33.0 407
124.0 34.0 411
124.0 35.0 415
124.0 36.0 414
124.0 37.0 410
124.0 38.0 406
124.0 39.0 404
124.0 40.0 402
124.0 41.0 401
124.0 42.0 401
124.0 43.0 400
124.0 44.0 400
124.0 45.0 400
124.0 46.0 400
124.0 47.0 400
124.0 48.0 400
124.0 49.0 400
124.0 50.0 399
124.0 51.0 399
124.0 52.0 399
124.0 53.0 399
124.0 54.0 398
124.0 55.0 399
124.0 56.0 399
124.0 57.0 399
124.0 58.0 399
125.0 18.0 418
125.0 19.0 417
125.0 20.0 413
125.0 21.0 407
125.0 22.0 409
125.0 23.0 433
125.0 24.0 473
125.0 25.0 507
125.0 26.0 528
125.0 27.0 537
125.0 28.0 532
125.0 29.0 512
125.0 30.0 480
125.0 31.0 443
125.0 32.0 416
125.0 33.0 409
125.0 34.0 412
125.0 35.0 416
125.0 36.0 415
125.0 37.0 412
125.0 38.0 408
125.0 39.0 405
125.0 40.0 402
125.0 41.0 401
125.0 42.0 401
125.0 43.0 400
125.0 44.0 401
125.0 45.0 400
125.0 46.0 400
125.0 47.0 400
125.0 48.0 399
125.0 49.0 399
125.0 50.0 399
125.0 51.0 399
125.0 52.0 399
125.0 53.0 399
125.0 54.0 399
125.0 55.0 399
125.0 56.0 399
125.0 57.0 399
125.0 58.0 399
126.0 18.0 416
126.0 19.0 416
126.0 20.0 414
126.0 21.0 407
126.0 22.0 406
126.0 23.0 423
126.0 24.0 455
126.0 25.0 488
126.0 26.0 510
126.0 27.0 520
126.0 28.0 515
126.0 29.0 496
126.0 30.0 467
126.0 31.0 436
126.0 32.0 414
126.0 33.0 410
126.0 34.0 414
126.0 35.0 417
126.0 36.0 416
126.0 37.0 413
126.0 38.0 410
126.0 39.0 407
126.0 40.0 404
126.0 41.0 403
126.0 42.0 402
126.0 43.0 401
126.0 44.0 400
126.0 45.0 400
126.0 46.0 400
126.0 47.0 400
126.0 48.0 400
126.0 49.0 400
126.0 50.0 399
126.0 51.0 400
126.0 52.0 399
126.0 53.0 399
126.0 54.0 400
126.0 55.0 399
126.0 56.0 399
126.0 57.0 399
126.0 58.0 399
127.0 18.0 414
127.0 19.0 416
127.0 20.0 415
127.0 21.0 409
127.0 22.0 404
127.0 23.0 411
127.0 24.0 435
127.0 25.0 462
127.0 26.0 483
127.0 27.0 491
127.0 28.0 487
127.0 29.0 473
127.0 30.0 448
127.0 31.0 424
127.0 32.0 411
127.0 33.0 411
127.0 34.0 414
127.0 35.0 417
127.0 36.0 416
127.0 37.0 413
127.0 38.0 410
127.0 39.0 409
127.0 40.0 407
127.0 41.0 404
127.0 42.0 403
127.0 43.0 401
127.0 44.0 401
127.0 45.0 400
127.0 46.0 400
127.0 47.0 400
127.0 48.0 400
127.0 49.0 399
127.0 50.0 400
127.0 51.0 399
127.0 52.0 399
127.0 53.0 399
127.0 54.0 399
127.0 55.0 399
127.0 56.0 399
127.0 57.0 399
127.0 58.0 399
128.0 18.0 412
128.0 19.0 415
128.0 20.0 415
128.0 21.0 412
128.0 22.0 405
128.0 23.0 405
128.0 24.0 415
128.0 25.0 433
128.0 26.0 450
128.0 27.0 459
128.0 28.0 457
128.0 29.0 445
128.0 30.0 428
128.0 31.0 414
128.0 32.0 408
128.0 33.0 411
128.0 34.0 414
128.0 35.0 415
128.0 36.0 414
128.0 37.0 412
128.0 38.0 411
128.0 39.0 410
128.0 40.0 409
128.0 41.0 406
128.0 42.0 404
128.0 43.0 402
128.0 44.0 401
128.0 45.0 400
128.0 46.0 400
128.0 47.0 400
128.0 48.0 400
128.0 49.0 400
128.0 50.0 400
128.0 51.0 399
128.0 52.0 399
128.0 53.0 399
128.0 54.0 399
128.0 55.0 399
128.0 56.0 399
128.0 57.0 399
128.0 58.0 399
129.0 18.0 410
129.0 19.0 413
129.0 20.0 414
129.0 21.0 412
129.0 22.0 409
129.0 23.0 405
129.0 24.0 405
129.0 25.0 412
129.0 26.0 422
129.0 27.0 428
129.0 28.0 428
129.0 29.0 421
129.0 30.0 413
129.0 31.0 408
129.0 32.0 409
129.0 33.0 413
129.0 34.0 417
129.0 35.0 416
129.0 36.0 413
129.0 37.0 411
129.0 38.0 410
129.0 39.0 410
129.0 40.0 410
129.0 41.0 408
129.0 42.0 406
129.0 43.0 403
129.0 44.0 402
129.0 45.0 400
129.0 46.0 400
129.0 47.0 400
129.0 48.0 400
129.0 49.0 400
129.0 50.0 399
129.0 51.0 399
129.0 52.0 399
129.0 53.0 399
129.0 54.0 399
129.0 55.0 399
129.0 56.0 399
129.0 57.0 399
129.0 58.0 399
130.0 18.0 409
130.0 19.0 411
130.0 20.0 412
130.0 21.0 413
130.0 22.0 411
130.0 23.0 408
130.0 24.0 405
130.0 25.0 407
130.0 26.0 410
130.0 27.0 413
130.0 28.0 413
130.0 29.0 410
130.0 30.0 408
130.0 31.0 410
130.0 32.0 417
130.0 33.0 423
130.0 34.0 426
130.0 35.0 422
130.0 36.0 416
130.0 37.0 411
130.0 38.0 409
130.0 39.0 410
130.0 40.0 411
130.0 41.0 411
130.0 42.0 408
130.0 43.0 405
130.0 44.0 402
130.0 45.0 401
130.0 46.0 400
130.0 47.0 399
130.0 48.0 399
130.0 49.0 400
130.0 50.0 399
130.0 51.0 399
130.0 52.0 399
130.0 53.0 399
130.0 54.0 399
130.0 55.0 399
130.0 56.0 399
130.0 57.0 399
130.0 58.0 398
131.0 18.0 407
131.0 19.0 408
131.0 20.0 410
131.0 21.0 412
131.0 22.0 412
131.0 23.0 411
131.0 24.0 410
131.0 25.0 411
131.0 26.0 411
131.0 27.0 412
131.0 28.0 410
131.0 29.0 409
131.0 30.0 412
131.0 31.0 420
131.0 32.0 431
131.0 33.0 440
131.0 34.0 443
131.0 35.0 437
131.0 36.0 426
131.0 37.0 415
131.0 38.0 408
131.0 39.0 408
131.0 40.0 411
131.0 41.0 412
131.0 42.0 411
131.0 43.0 407
131.0 44.0 404
131.0 45.0 401
131.0 46.0 400
131.0 47.0 399
131.0 48.0 400
131.0 49.0 400
131.0 50.0 400
131.0 51.0 400
131.0 52.0 399
131.0 53.0 399
131.0 54.0 399
131.0 55.0 399
131.0 56.0 399
131.0 57.0 399
131.0 58.0 399
132.0 18.0 405
132.0 19.0 406
132.0 20.0 408
132.0 21.0 410
132.0 22.0 411
132.0 23.0 412
132.0 24.0 413
132.0 25.0 415
132.0 26.0 416
132.0 27.0 416
132.0 28.0 414
132.0 29.0 414
132.0 30.0 420
132.0 31.0 434
132.0 32.0 450
132.0 33.0 462
132.0 34.0 466
132.0 35.0 458
132.0 36.0 443
132.0 37.0 424
132.0 38.0 409
132.0 39.0 406
132.0 40.0 409
132.0 41.0 412
132.0 42.0 412
132.0 43.0 409
132.0 44.0 406
132.0 45.0 402
132.0 46.0 401
132.0 47.0 400
132.0 48.0 399
132.0 49.0 400
132.0 50.0 400
132.0 51.0 399
132.0 52.0 400
132.0 53.0 399
132.0 54.0 399
132.0 55.0 399
132.0 56.0 399
132.0 57.0 398
132.0 58.0 398
133.0 18.0 405
133.0 19.0 405
133.0 20.0 406
133.0 21.0 407
133.0 22.0 409
133.0 23.0 411
133.0 24.0 413
133.0 25.0 416
133.0 26.0 418
133.0 27.0 418
133.0 28.0 416
133.0 29.0 417
133.0 30.0 428
133.0 31.0 449
133.0 32.0 471
133.0 33.0 484
133.0 34.0 487
133.0 35.0 481
133.0 36.0 462
133.0 37.0 437
133.0 38.0 414
133.0 39.0 404
133.0 40.0 407
133.0 41.0 411
133.0 42.0 412
133.0 43.0 411
133.0 44.0 407
133.0 45.0 403
133.0 46.0 401
133.0 47.0 400
133.0 48.0 400
133.0 49.0 400
133.0 50.0 400
133.0 51.0 399
133.0 52.0 399
133.0 53.0 399
133.0 54.0 399
133.0 55.0 399
133.0 56.0 399
133.0 57.0 398
133.0 58.0 399
134.0 18.0 404
134.0 19.0 404
134.0 20.0 404
134.0 21.0 405
134.0 22.0 407
134.0 23.0 408
134.0 24.0 412
134.0 25.0 416
134.0 26.0 419
134.0 27.0 419
134.0 28.0 417
134.0 29.0 420
134.0 30.0 437
134.0 31.0 461
134.0 32.0 485
134.0 33.0 502
134.0 34.0 508
134.0 35.0 499
134.0 36.0 481
134.0 37.0 452
134.0 38.0 422
134.0 39.0 405
134.0 40.0 405
134.0 41.0 411
134.0 42.0 414
134.0 43.0 412
134.0 44.0 408
134.0 45.0 404
134.0 46.0 401
134.0 47.0 400
134.0 48.0 400
134.0 49.0 400
134.0 50.0 400
134.0 51.0 399
134.0 52.0 400
134.0 53.0 399
134.0 54.0 399
134.0 55.0 399
134.0 56.0 399
134.0 57.0 399
134.0 58.0 400
135.0 18.0 404
135.0 19.0 404
135.0 20.0 404
135.0 21.0 404
135.0 22.0 404
135.0 23.0 406
135.0 24.0 409
135.0 25.0 415
135.0 26.0 418
135.0 27.0 419
135.0 28.0 418
135.0 29.0 423
135.0 30.0 441
135.0 31.0 469
135.0 32.0 495
135.0 33.0 513
135.0 34.0 519
135.0 35.0 513
135.0 36.0 495
135.0 37.0 466
135.0 38.0 433
135.0 39.0 410
135.0 40.0 404
135.0 41.0 408
135.0 42.0 413
135.0 43.0 413
135.0 44.0 409
135.0 45.0 405
135.0 46.0 402
135.0 47.0 401
135.0 48.0 400
135.0 49.0 400
135.0 50.0 400
135.0 51.0 400
135.0 52.0 400
135.0 53.0 400
135.0 54.0 399
135.0 55.0 399
135.0 56.0 399
135.0 57.0 400
135.0 58.0 401
136.0 18.0 404
136.0 19.0 404
136.0 20.0 404
136.0 21.0 404
136.0 22.0 404
136.0 23.0 404
136.0 24.0 408
136.0 25.0 414
136.0 26.0 418
136.0 27.0 420
136.0 28.0 420
136.0 29.0 424
136.0 30.0 442
136.0 31.0 470
136.0 32.0 498
136.0 33.0 518
136.0 34.0 527
136.0 35.0 524
136.0 36.0 508
136.0 37.0 481
136.0 38.0 448
136.0 39.0 420
136.0 40.0 406
136.0 41.0 407
136.0 42.0 412
136.0 43.0 413
136.0 44.0 411
136.0 45.0 407
136.0 46.0 403
136.0 47.0 401
136.0 48.0 400
136.0 49.0 400
136.0 50.0 400
136.0 51.0 399
136.0 52.0 399
136.0 53.0 399
136.0 54.0 399
136.0 55.0 399
136.0 56.0 399
136.0 57.0 399
136.0 58.0 399
137.0 18.0 404
137.0 19.0 404
137.0 20.0 403
137.0 21.0 403
137.0 22.0 403
137.0 23.0 404
137.0 24.0 408
137.0 25.0 414
137.0 26.0 420
137.0 27.0 423
137.0 28.0 423
137.0 29.0 425
137.0 30.0 438
137.0 31.0 465
137.0 32.0 495
137.0 33.0 517
137.0 34.0 529
137.0 35.0 528
137.0 36.0 517
137.0 37.0 494
137.0 38.0 462
137.0 39.0 432
137.0 40.0 412
137.0 41.0 408
137.0 42.0 412
137.0 43.0 413
137.0 44.0 412
137.0 45.0 407
137.0 46.0 403
137.0 47.0 401
137.0 48.0 400
137.0 49.0 399
137.0 50.0 400
137.0 51.0 400
137.0 52.0 399
137.0 53.0 400
137.0 54.0 399
137.0 55.0 399
137.0 56.0 399
137.0 57.0 399
137.0 58.0 399
138.0 18.0 404
138.0 19.0 404
138.0 20.0 403
138.0 21.0 403
138.0 22.0 403
138.0 23.0 404
138.0 24.0 408
138.0 25.0 415
138.0 26.0 422
138.0 27.0 425
138.0 28.0 425
138.0 29.0 424
138.0 30.0 432
138.0 31.0 455
138.0 32.0 484
138.0 33.0 510
138.0 34.0 525
138.0 35.0 529
138.0 36.0 523
138.0 37.0 504
138.0 38.0 477
138.0 39.0 445
138.0 40.0 420
138.0 41.0 410
138.0 42.0 410
138.0 43.0 412
138.0 44.0 412
138.0 45.0 408
138.0 46.0 405
138.0 47.0 402
138.0 48.0 400
138.0 49.0 400
138.0 50.0 400
138.0 51.0 400
138.0 52.0 400
138.0 53.0 400
138.0 54.0 399
138.0 55.0 399
138.0 56.0 399
138.0 57.0 399
138.0 58.0 399
139.0 18.0 403
139.0 19.0 404
139.0 20.0 404
139.0 21.0 403
139.0 22.0 403
139.0 23.0 404
139.0 24.0 408
139.0 25.0 414
139.0 26.0 422
139.0 27.0 426
139.0 28.0 426
139.0 29.0 422
139.0 30.0 423
139.0 31.0 440
139.0 32.0 470
139.0 33.0 498
139.0 34.0 518
139.0 35.0 528
139.0 36.0 526
139.0 37.0 511
139.0 38.0 487
139.0 39.0 456
139.0 40.0 427
139.0 41.0 411
139.0 42.0 409
139.0 43.0 411
139.0 44.0 411
139.0 45.0 409
139.0 46.0 405
139.0 47.0 402
139.0 48.0 400
139.0 49.0 400
139.0 50.0 400
139.0 51.0 399
139.0 52.0 400
139.0 53.0 400
139.0 54.0 400
139.0 55.0 400
139.0 56.0 400
139.0 57.0 399
139.0 58.0 399
140.0 18.0 403
140.0 19.0 403
140.0 20.0 403
140.0 21.0 403
140.0 22.0 403
140.0 23.0 404
140.0 24.0 406
140.0 25.0 413
140.0 26.0 420
140.0 27.0 425
140.0 28.0 425
140.0 29.0 420
140.0 30.0 416
140.0 31.0 426
140.0 32.0 453
140.0 33.0 484
140.0 34.0 509
140.0 35.0 523
140.0 36.0 525
140.0 37.0 515
140.0 38.0 492
140.0 39.0 463
140.0 40.0 433
140.0 41.0 413
140.0 42.0 408
140.0 43.0 410
140.0 44.0 411
140.0 45.0 409
140.0 46.0 405
140.0 47.0 402
140.0 48.0 401
140.0 49.0 400
140.0 50.0 400
140.0 51.0 400
140.0 52.0 402
140.0 53.0 403
140.0 54.0 404
140.0 55.0 404
140.0 56.0 403
140.0 57.0 401
140.0 58.0 399
141.0 18.0 403
141.0 19.0 403
141.0 20.0 403
141.0 21.0 403
141.0 22.0 402
141.0 23.0 403
141.0 24.0 405
141.0 25.0 410
141.0 26.0 417
141.0 27.0 423
141.0 28.0 423
141.0 29.0 418
141.0 30.0 411
141.0 31.0 415
141.0 32.0 438
141.0 33.0 469
141.0 34.0 496
141.0 35.0 513
141.0 36.0 519
141.0 37.0 512
141.0 38.0 492
141.0 39.0 465
141.0 40.0 435
141.0 41.0 414
141.0 42.0 407
141.0 43.0 409
141.0 44.0 411
141.0 45.0 409
141.0 46.0 405
141.0 47.0 402
141.0 48.0 400
141.0 49.0 400
141.0 50.0 400
141.0 51.0 400
141.0 52.0 400
141.0 53.0 399
141.0 54.0 399
141.0 55.0 399
141.0 56.0 399
141.0 57.0 399
141.0 58.0 399
142.0 18.0 403
142.0 19.0 403
142.0 20.0 403
142.0 21.0 403
142.0 22.0 402
142.0 23.0 403
142.0 24.0 403
142.0 25.0 406
142.0 26.0 413
142.0 27.0 419
142.0 28.0 421
142.0 29.0 417
142.0 30.0 410
142.0 31.0 410
142.0 32.0 425
142.0 33.0 454
142.0 34.0 482
142.0 35.0 501
142.0 36.0 508
142.0 37.0 504
142.0 38.0 488
142.0 39.0 463
142.0 40.0 435
142.0 41.0 415
142.0 42.0 408
142.0 43.0 408
142.0 44.0 409
142.0 45.0 408
142.0 46.0 405
142.0 47.0 402
142.0 48.0 401
142.0 49.0 400
142.0 50.0 400
142.0 51.0 399
142.0 52.0 399
142.0 53.0 399
142.0 54.0 399
142.0 55.0 399
142.0 56.0 399
142.0 57.0 399
142.0 58.0 398
143.0 18.0 403
143.0 19.0 403
143.0 20.0 403
143.0 21.0 402
143.0 22.0 402
143.0 23.0 402
143.0 24.0 402
143.0 25.0 405
143.0 26.0 409
143.0 27.0 414
143.0 28.0 418
143.0 29.0 416
143.0 30.0 411
143.0 31.0 408
143.0 32.0 417
143.0 33.0 439
143.0 34.0 464
143.0 35.0 484
143.0 36.0 493
143.0 37.0 492
143.0 38.0 479
143.0 39.0 458
143.0 40.0 434
143.0 41.0 416
143.0 42.0 409
143.0 43.0 408
143.0 44.0 408
143.0 45.0 407
143.0 46.0 405
143.0 47.0 402
143.0 48.0 401
143.0 49.0 400
143.0 50.0 400
143.0 51.0 400
143.0 52.0 400
143.0 53.0 400
143.0 54.0 399
143.0 55.0 399
143.0 56.0 399
143.0 57.0 399
143.0 58.0 400
144.0 18.0 403
144.0 19.0 402
144.0 20.0 403
144.0 21.0 402
144.0 22.0 402
144.0 23.0 402
144.0 24.0 402
144.0 25.0 403
144.0 26.0 406
144.0 27.0 411
144.0 28.0 415
144.0 29.0 415
144.0 30.0 413
144.0 31.0 409
144.0 32.0 412
144.0 33.0 425
144.0 34.0 445
144.0 35.0 463
144.0 36.0 474
144.0 37.0 476
144.0 38.0 468
144.0 39.0 453
144.0 40.0 434
144.0 41.0 419
144.0 42.0 411
144.0 43.0 408
144.0 44.0 408
144.0 45.0 407
144.0 46.0 405
144.0 47.0 403
144.0 48.0 401
144.0 49.0 400
144.0 50.0 400
144.0 51.0 400
144.0 52.0 399
144.0 53.0 399
144.0 54.0 399
144.0 55.0 399
144.0 56.0 399
144.0 57.0 400
144.0 58.0 399
145.0 18.0 402
145.0 19.0 403
145.0 20.0 403
145.0 21.0 402
145.0 22.0 403
145.0 23.0 402
145.0 24.0 402
145.0 25.0 403
145.0 26.0 404
145.0 27.0 408
145.0 28.0 412
145.0 29.0 414
145.0 30.0 414
145.0 31.0 411
145.0 32.0 411
145.0 33.0 416
145.0 34.0 429
145.0 35.0 445
145.0 36.0 457
145.0 37.0 462
145.0 38.0 458
145.0 39.0 449
145.0 40.0 436
145.0 41.0 423
145.0 42.0 414
145.0 43.0 410
145.0 44.0 407
145.0 45.0 406
145.0 46.0 404
145.0 47.0 403
145.0 48.0 402
145.0 49.0 401
145.0 50.0 400
145.0 51.0 400
145.0 52.0 400
145.0 53.0 399
145.0 54.0 399
145.0 55.0 399
145.0 56.0 399
145.0 57.0 399
145.0 58.0 399
146.0 18.0 403
146.0 19.0 402
146.0 20.0 402
146.0 21.0 402
146.0 22.0 402
146.0 23.0 402
146.0 24.0 403
146.0 25.0 402
146.0 26.0 404
146.0 27.0 406
146.0 28.0 409
146.0 29.0 413
146.0 30.0 414
146.0 31.0 412
146.0 32.0 409
146.0 33.0 410
146.0 34.0 417
146.0 35.0 429
146.0 36.0 442
146.0 37.0 450
146.0 38.0 453
146.0 39.0 447
146.0 40.0 438
146.0 41.0 427
146.0 42.0 417
146.0 43.0 411
146.0 44.0 407
146.0 45.0 406
146.0 46.0 404
146.0 47.0 403
146.0 48.0 402
146.0 49.0 401
146.0 50.0 400
146.0 51.0 400
146.0 52.0 399
146.0 53.0 400
146.0 54.0 399
146.0 55.0 399
146.0 56.0 399
146.0 57.0 399
146.0 58.0 399
147.0 18.0 403
147.0 19.0 403
147.0 20.0 403
147.0 21.0 402
147.0 22.0 402
147.0 23.0 402
147.0 24.0 402
147.0 25.0 401
147.0 26.0 403
147.0 27.0 404
147.0 28.0 407
147.0 29.0 410
147.0 30.0 413
147.0 31.0 412
147.0 32.0 411
147.0 33.0 409
147.0 34.0 412
147.0 35.0 420
147.0 36.0 432
147.0 37.0 443
147.0 38.0 447
147.0 39.0 446
147.0 40.0 439
147.0 41.0 428
147.0 42.0 418
147.0 43.0 410
147.0 44.0 406
147.0 45.0 404
147.0 46.0 403
147.0 47.0 403
147.0 48.0 402
147.0 49.0 401
147.0 50.0 400
147.0 51.0 400
147.0 52.0 400
147.0 53.0 399
147.0 54.0 399
147.0 55.0 399
147.0 56.0 399
147.0 57.0 399
147.0 58.0 399
148.0 18.0 403
148.0 19.0 402
148.0 20.0 402
148.0 21.0 402
148.0 22.0 402
148.0 23.0 402
148.0 24.0 401
148.0 25.0 402
148.0 26.0 402
148.0 27.0 403
148.0 28.0 405
148.0 29.0 408
148.0 30.0 411
148.0 31.0 411
148.0 32.0 410
148.0 33.0 409
148.0 34.0 410
148.0 35.0 417
148.0 36.0 427
148.0 37.0 438
148.0 38.0 444
148.0 39.0 445
148.0 40.0 439
148.0 41.0 429
148.0 42.0 418
148.0 43.0 409
148.0 44.0 405
148.0 45.0 403
148.0 46.0 403
148.0 47.0 403
148.0 48.0 402
148.0 49.0 401
148.0 50.0 400
148.0 51.0 400
148.0 52.0 400
148.0 53.0 400
148.0 54.0 400
148.0 55.0 399
148.0 56.0 399
148.0 57.0 399
148.0 58.0 399
149.0 18.0 403
149.0 19.0 403
149.0 20.0 402
149.0 21.0 402
149.0 22.0 402
149.0 23.0 402
149.0 24.0 402
149.0 25.0 402
149.0 26.0 402
149.0 27.0 402
149.0 28.0 404
149.0 29.0 406
149.0 30.0 408
149.0 31.0 410
149.0 32.0 410
149.0 33.0 410
149.0 34.0 410
149.0 35.0 415
149.0 36.0 424
149.0 37.0 433
149.0 38.0 440
149.0 39.0 441
149.0 40.0 436
149.0 41.0 427
149.0 42.0 416
149.0 43.0 408
149.0 44.0 404
149.0 45.0 403
149.0 46.0 402
149.0 47.0 403
149.0 48.0 402
149.0 49.0 401
149.0 50.0 401
149.0 51.0 400
149.0 52.0 400
149.0 53.0 400
149.0 54.0 399
149.0 55.0 399
149.0 56.0 399
149.0 57.0 399
149.0 58.0 399
150.0 18.0 403
150.0 19.0 403
150.0 20.0 402
150.0 21.0 402
150.0 22.0 402
150.0 23.0 402
150.0 24.0 401
150.0 25.0 401
150.0 26.0 401
150.0 27.0 402
150.0 28.0 403
150.0 29.0 405
150.0 30.0 406
150.0 31.0 408
150.0 32.0 409
150.0 33.0 409
150.0 34.0 410
150.0 35.0 413
150.0 36.0 420
150.0 37.0 429
150.0 38.0 434
150.0 39.0 436
150.0 40.0 432
150.0 41.0 424
150.0 42.0 415
150.0 43.0 407
150.0 44.0 403
150.0 45.0 402
150.0 46.0 402
150.0 47.0 402
150.0 48.0 402
150.0 49.0 401
150.0 50.0 400
150.0 51.0 400
150.0 52.0 399
150.0 53.0 400
150.0 54.0 399
150.0 55.0 400
150.0 56.0 399
150.0 57.0 399
150.0 58.0 399
151.0 18.0 403
151.0 19.0 402
151.0 20.0 402
151.0 21.0 402
151.0 22.0 402
151.0 23.0 402
151.0 24.0 401
151.0 25.0 401
151.0 26.0 401
151.0 27.0 401
151.0 28.0 402
151.0 29.0 403
151.0 30.0 405
151.0 31.0 406
151.0 32.0 407
151.0 33.0 408
151.0 34.0 408
151.0 35.0 411
151.0 36.0 416
151.0 37.0 423
151.0 38.0 428
151.0 39.0 430
151.0 40.0 428
151.0 41.0 421
151.0 42.0 414
151.0 43.0 407
151.0 44.0 403
151.0 45.0 403
151.0 46.0 402
151.0 47.0 402
151.0 48.0 402
151.0 49.0 401
151.0 50.0 400
151.0 51.0 400
151.0 52.0 400
151.0 53.0 400
151.0 54.0 400
151.0 55.0 400
151.0 56.0 399
151.0 57.0 400
151.0 58.0 399
152.0 18.0 403
152.0 19.0 402
152.0 20.0 402
152.0 21.0 402
152.0 22.0 402
152.0 23.0 402
152.0 24.0 402
152.0 25.0 401
152.0 26.0 401
152.0 27.0 401
152.0 28.0 401
152.0 29.0 402
152.0 30.0 403
152.0 31.0 405
152.0 32.0 406
152.0 33.0 406
152.0 34.0 407
152.0 35.0 408
152.0 36.0 411
152.0 37.0 416
152.0 38.0 421
152.0 39.0 423
152.0 40.0 423
152.0 41.0 418
152.0 42.0 413
152.0 43.0 408
152.0 44.0 404
152.0 45.0 403
152.0 46.0 402
152.0 47.0 402
152.0 48.0 402
152.0 49.0 401
152.0 50.0 400
152.0 51.0 400
152.0 52.0 400
152.0 53.0 400
152.0 54.0 399
152.0 55.0 400
152.0 56.0 399
152.0 57.0 400
152.0 58.0 401
153.0 18.0 403
153.0 19.0 402
153.0 20.0 401
153.0 21.0 401
153.0 22.0 402
153.0 23.0 402
153.0 24.0 401
153.0 25.0 401
153.0 26.0 402
153.0 27.0 401
153.0 28.0 402
153.0 29.0 402
153.0 30.0 403
153.0 31.0 404
153.0 32.0 405
153.0 33.0 405
153.0 34.0 405
153.0 35.0 406
153.0 36.0 408
153.0 37.0 411
153.0 38.0 416
153.0 39.0 419
153.0 40.0 419
153.0 41.0 417
153.0 42.0 413
153.0 43.0 408
153.0 44.0 405
153.0 45.0 403
153.0 46.0 402
153.0 47.0 402
153.0 48.0 401
153.0 49.0 401
153.0 50.0 401
153.0 51.0 400
153.0 52.0 400
153.0 53.0 400
153.0 54.0 400
153.0 55.0 401
153.0 56.0 402
153.0 57.0 402
153.0 58.0 402
154.0 18.0 403
154.0 19.0 402
154.0 20.0 402
154.0 21.0 402
154.0 22.0 402
154.0 23.0 401
154.0 24.0 401
154.0 25.0 401
154.0 26.0 402
154.0 27.0 401
154.0 28.0 401
154.0 29.0 402
154.0 30.0 402
154.0 31.0 403
154.0 32.0 403
154.0 33.0 404
154.0 34.0 404
154.0 35.0 404
154.0 36.0 405
154.0 37.0 409
154.0 38.0 413
154.0 39.0 416
154.0 40.0 418
154.0 41.0 417
154.0 42.0 414
154.0 43.0 409
154.0 44.0 406
154.0 45.0 403
154.0 46.0 402
154.0 47.0 401
154.0 48.0 401
154.0 49.0 401
154.0 50.0 400
154.0 51.0 400
154.0 52.0 400
154.0 53.0 399
154.0 54.0 400
154.0 55.0 399
154.0 56.0 399
154.0 57.0 400
154.0 58.0 400
155.0 18.0 403
155.0 19.0 402
155.0 20.0 402
155.0 21.0 402
155.0 22.0 402
155.0 23.0 401
155.0 24.0 401
155.0 25.0 401
155.0 26.0 401
155.0 27.0 401
155.0 28.0 401
155.0 29.0 402
155.0 30.0 402
155.0 31.0 402
155.0 32.0 403
155.0 33.0 403
155.0 34.0 404
155.0 35.0 404
155.0 36.0 405
155.0 37.0 406
155.0 38.0 410
155.0 39.0 414
155.0 40.0 418
155.0 41.0 417
155.0 42.0 415
155.0 43.0 411
155.0 44.0 408
155.0 45.0 404
155.0 46.0 403
155.0 47.0 402
155.0 48.0 402
155.0 49.0 401
155.0 50.0 400
155.0 51.0 400
155.0 52.0 400
155.0 53.0 400
155.0 54.0 400
155.0 55.0 400
155.0 56.0 400
155.0 57.0 400
155.0 58.0 399
156.0 18.0 403
156.0 19.0 402
156.0 20.0 402
156.0 21.0 402
156.0 22.0 402
156.0 23.0 401
156.0 24.0 401
156.0 25.0 401
156.0 26.0 401
156.0 27.0 401
156.0 28.0 401
156.0 29.0 401
156.0 30.0 402
156.0 31.0 402
156.0 32.0 403
156.0 33.0 403
156.0 34.0 403
156.0 35.0 404
156.0 36.0 404
156.0 37.0 406
156.0 38.0 410
156.0 39.0 413
156.0 40.0 417
156.0 41.0 418
156.0 42.0 416
156.0 43.0 413
156.0 44.0 408
156.0 45.0 405
156.0 46.0 403
156.0 47.0 402
156.0 48.0 402
156.0 49.0 401
156.0 50.0 401
156.0 51.0 400
156.0 52.0 400
156.0 53.0 400
156.0 54.0 400
156.0 55.0 400
156.0 56.0 400
156.0 57.0 400
156.0 58.0 400
157.0 18.0 402
157.0 19.0 402
157.0 20.0 402
157.0 21.0 401
157.0 22.0 401
157.0 23.0 401
157.0 24.0 401
157.0 25.0 401
157.0 26.0 401
157.0 27.0 401
157.0 28.0 401
157.0 29.0 401
157.0 30.0 401
157.0 31.0 402
157.0 32.0 402
157.0 33.0 403
157.0 34.0 403
157.0 35.0 403
157.0 36.0 403
157.0 37.0 405
157.0 38.0 408
157.0 39.0 412
157.0 40.0 416
157.0 41.0 418
157.0 42.0 417
157.0 43.0 413
157.0 44.0 410
157.0 45.0 406
157.0 46.0 404
157.0 47.0 402
157.0 48.0 402
157.0 49.0 402
157.0 50.0 401
157.0 51.0 400
157.0 52.0 400
157.0 53.0 399
157.0 54.0 400
157.0 55.0 400
157.0 56.0 400
157.0 57.0 400
157.0 58.0 400
158.0 18.0 402
158.0 19.0 402
158.0 20.0 402
158.0 21.0 402
158.0 22.0 402
158.0 23.0 402
158.0 24.0 401
158.0 25.0 401
158.0 26.0 401
158.0 27.0 401
158.0 28.0 401
158.0 29.0 401
158.0 30.0 402
158.0 31.0 402
158.0 32.0 402
158.0 33.0 403
158.0 34.0 403
158.0 35.0 403
158.0 36.0 404
158.0 37.0 404
158.0 38.0 407
158.0 39.0 412
158.0 40.0 416
158.0 41.0 418
158.0 42.0 418
158.0 43.0 415
158.0 44.0 411
158.0 45.0 406
158.0 46.0 404
158.0 47.0 403
158.0 48.0 402
158.0 49.0 402
158.0 50.0 401
158.0 51.0 401
158.0 52.0 400
158.0 53.0 400
158.0 54.0 400
158.0 55.0 400
158.0 56.0 400
158.0 57.0 400
158.0 58.0 400
159.0 18.0 403
159.0 19.0 402
159.0 20.0 402
159.0 21.0 402
159.0 22.0 401
159.0 23.0 401
159.0 24.0 401
159.0 25.0 401
159.0 26.0 400
159.0 27.0 401
159.0 28.0 401
159.0 29.0 401
159.0 30.0 401
159.0 31.0 402
159.0 32.0 402
159.0 33.0 402
159.0 34.0 402
159.0 35.0 403
159.0 36.0 403
159.0 37.0 404
159.0 38.0 407
159.0 39.0 412
159.0 40.0 416
159.0 41.0 418
159.0 42.0 419
159.0 43.0 416
159.0 44.0 412
159.0 45.0 408
159.0 46.0 405
159.0 47.0 404
159.0 48.0 403
159.0 49.0 402
159.0 50.0 402
159.0 51.0 401
159.0 52.0 401
159.0 53.0 400
159.0 54.0 400
159.0 55.0 400
159.0 56.0 400
159.0 57.0 400
159.0 58.0 399
160.0 18.0 402
160.0 19.0 402
160.0 20.0 402
160.0 21.0 401
160.0 22.0 402
160.0 23.0 401
160.0 24.0 401
160.0 25.0 401
160.0 26.0 400
160.0 27.0 401
160.0 28.0 401
160.0 29.0 401
160.0 30.0 401
160.0 31.0 401
160.0 32.0 402
160.0 33.0 402
160.0 34.0 403
160.0 35.0 403
160.0 36.0 403
160.0 37.0 404
160.0 38.0 407
160.0 39.0 412
160.0 40.0 416
160.0 41.0 419
160.0 42.0 420
160.0 43.0 417
160.0 44.0 413
160.0 45.0 409
160.0 46.0 406
160.0 47.0 404
160.0 48.0 404
160.0 49.0 403
160.0 50.0 402
160.0 51.0 401
160.0 52.0 400
160.0 53.0 400
160.0 54.0 400
160.0 55.0 400
160.0 56.0 400
160.0 57.0 400
160.0 58.0 399
161.0 18.0 402
161.0 19.0 402
161.0 20.0 402
161.0 21.0 401
161.0 22.0 402
161.0 23.0 401
161.0 24.0 401
161.0 25.0 400
161.0 26.0 400
161.0 27.0 401
161.0 28.0 401
161.0 29.0 401
161.0 30.0 400
161.0 31.0 401
161.0 32.0 401
161.0 33.0 402
161.0 34.0 402
161.0 35.0 403
161.0 36.0 403
161.0 37.0 404
161.0 38.0 407
161.0 39.0 412
161.0 40.0 418
161.0 41.0 421
161.0 42.0 421
161.0 43.0 420
161.0 44.0 416
161.0 45.0 411
161.0 46.0 408
161.0 47.0 407
161.0 48.0 406
161.0 49.0 404
161.0 50.0 403
161.0 51.0 402
161.0 52.0 401
161.0 53.0 401
161.0 54.0 400
161.0 55.0 400
161.0 56.0 400
161.0 57.0 400
161.0 58.0 400
162.0 18.0 402
162.0 19.0 402
162.0 20.0 402
162.0 21.0 401
162.0 22.0 401
162.0 23.0 401
162.0 24.0 401
162.0 25.0 401
162.0 26.0 401
162.0 27.0 401
162.0 28.0 401
162.0 29.0 401
162.0 30.0 401
162.0 31.0 401
162.0 32.0 401
162.0 33.0 402
162.0 34.0 402
162.0 35.0 403
162.0 36.0 404
162.0 37.0 406
162.0 38.0 409
162.0 39.0 414
162.0 40.0 420
162.0 41.0 424
162.0 42.0 424
162.0 43.0 422
162.0 44.0 418
162.0 45.0 414
162.0 46.0 411
162.0 47.0 409
162.0 48.0 408
162.0 49.0 406
162.0 50.0 404
162.0 51.0 402
162.0 52.0 401
162.0 53.0 401
162.0 54.0 400
162.0 55.0 400
162.0 56.0 400
162.0 57.0 400
162.0 58.0 400
163.0 18.0 402
163.0 19.0 403
163.0 20.0 402
163.0 21.0 402
163.0 22.0 401
163.0 23.0 401
163.0 24.0 401
163.0 25.0 401
163.0 26.0 401
163.0 27.0 401
163.0 28.0 401
163.0 29.0 401
163.0 30.0 401
163.0 31.0 401
163.0 32.0 402
163.0 33.0 402
163.0 34.0 403
163.0 35.0 403
163.0 36.0 404
163.0 37.0 408
163.0 38.0 411
163.0 39.0 417
163.0 40.0 422
163.0 41.0 426
163.0 42.0 427
163.0 43.0 425
163.0 44.0 421
163.0 45.0 417
163.0 46.0 414
163.0 47.0 412
163.0 48.0 411
163.0 49.0 409
163.0 50.0 406
163.0 51.0 404
163.0 52.0 401
163.0 53.0 401
163.0 54.0 400
163.0 55.0 400
163.0 56.0 400
163.0 57.0 400
163.0 58.0 400
164.0 18.0 402
164.0 19.0 402
164.0 20.0 401
164.0 21.0 402
164.0 22.0 401
164.0 23.0 401
164.0 24.0 401
164.0 25.0 401
164.0 26.0 401
164.0 27.0 401
164.0 28.0 401
164.0 29.0 401
164.0 30.0 401
164.0 31.0 401
164.0 32.0 402
164.0 33.0 402
164.0 34.0 403
164.0 35.0 404
164.0 36.0 406
164.0 37.0 410
164.0 38.0 414
164.0 39.0 419
164.0 40.0 424
164.0 41.0 428
164.0 42.0 429
164.0 43.0 426
164.0 44.0 422
164.0 45.0 418
164.0 46.0 415
164.0 47.0 413
164.0 48.0 412
164.0 49.0 410
164.0 50.0 407
164.0 51.0 405
164.0 52.0 402
164.0 53.0 401
164.0 54.0 400
164.0 55.0 400
164.0 56.0 400
164.0 57.0 400
164.0 58.0 400
165.0 18.0 402
165.0 19.0 402
165.0 20.0 401
165.0 21.0 401
165.0 22.0 401
165.0 23.0 401
165.0 24.0 401
165.0 25.0 401
165.0 26.0 401
165.0 27.0 401
165.0 28.0 401
165.0 29.0 401
165.0 30.0 401
165.0 31.0 401
165.0 32.0 401
165.0 33.0 402
165.0 34.0 403
165.0 35.0 406
165.0 36.0 408
165.0 37.0 412
165.0 38.0 416
165.0 39.0 421
165.0 40.0 425
165.0 41.0 428
165.0 42.0 429
165.0 43.0 427
165.0 44.0 423
165.0 45.0 418
165.0 46.0 414
165.0 47.0 412
165.0 48.0 413
165.0 49.0 412
165.0 50.0 410
165.0 51.0 406
165.0 52.0 403
165.0 53.0 402
165.0 54.0 400
165.0 55.0 400
165.0 56.0 401
165.0 57.0 400
165.0 58.0 400
166.0 18.0 402
166.0 19.0 402
166.0 20.0 401
166.0 21.0 401
166.0 22.0 402
166.0 23.0 402
166.0 24.0 401
166.0 25.0 401
166.0 26.0 401
166.0 27.0 401
166.0 28.0 401
166.0 29.0 401
166.0 30.0 401
166.0 31.0 401
166.0 32.0 402
166.0 33.0 403
166.0 34.0 404
166.0 35.0 407
166.0 36.0 410
166.0 37.0 414
166.0 38.0 418
166.0 39.0 421
166.0 40.0 424
166.0 41.0 428
166.0 42.0 429
166.0 43.0 429
166.0 44.0 424
166.0 45.0 417
166.0 46.0 412
166.0 47.0 411
166.0 48.0 413
166.0 49.0 413
166.0 50.0 411
166.0 51.0 408
166.0 52.0 405
166.0 53.0 402
166.0 54.0 401
166.0 55.0 401
166.0 56.0 400
166.0 57.0 400
166.0 58.0 400
167.0 18.0 402
167.0 19.0 402
167.0 20.0 401
167.0 21.0 402
167.0 22.0 401
167.0 23.0 401
167.0 24.0 401
167.0 25.0 401
167.0 26.0 401
167.0 27.0 401
167.0 28.0 401
167.0 29.0 401
167.0 30.0 401
167.0 31.0 401
167.0 32.0 402
167.0 33.0 403
167.0 34.0 405
167.0 35.0 409
167.0 36.0 413
167.0 37.0 416
167.0 38.0 416
167.0 39.0 418
167.0 40.0 422
167.0 41.0 428
167.0 42.0 433
167.0 43.0 434
167.0 44.0 429
167.0 45.0 420
167.0 46.0 412
167.0 47.0 408
167.0 48.0 411
167.0 49.0 413
167.0 50.0 413
167.0 51.0 410
167.0 52.0 406
167.0 53.0 403
167.0 54.0 401
167.0 55.0 401
167.0 56.0 400
167.0 57.0 400
167.0 58.0 401
168.0 18.0 402
168.0 19.0 401
168.0 20.0 401
168.0 21.0 401
168.0 22.0 402
168.0 23.0 401
168.0 24.0 401
168.0 25.0 401
168.0 26.0 401
168.0 27.0 401
168.0 28.0 401
168.0 29.0 401
168.0 30.0 401
168.0 31.0 402
168.0 32.0 402
168.0 33.0 404
168.0 34.0 407
168.0 35.0 410
168.0 36.0 414
168.0 37.0 415
168.0 38.0 414
168.0 39.0 414
168.0 40.0 421
168.0 41.0 433
168.0 42.0 444
168.0 43.0 447
168.0 44.0 442
168.0 45.0 429
168.0 46.0 414
168.0 47.0 406
168.0 48.0 407
168.0 49.0 412
168.0 50.0 413
168.0 51.0 411
168.0 52.0 407
168.0 53.0 403
168.0 54.0 402
168.0 55.0 401
168.0 56.0 400
168.0 57.0 400
168.0 58.0 400
169.0 18.0 402
169.0 19.0 401
169.0 20.0 401
169.0 21.0 401
169.0 22.0 401
169.0 23.0 401
169.0 24.0 401
169.0 25.0 401
169.0 26.0 401
169.0 27.0 401
169.0 28.0 401
169.0 29.0 401
169.0 30.0 401
169.0 31.0 401
169.0 32.0 402
169.0 33.0 404
169.0 34.0 408
169.0 35.0 413
169.0 36.0 415
169.0 37.0 413
169.0 38.0 410
169.0 39.0 411
169.0 40.0 425
169.0 41.0 446
169.0 42.0 462
169.0 43.0 469
169.0 44.0 463
169.0 45.0 446
169.0 46.0 424
169.0 47.0 408
169.0 48.0 405
169.0 49.0 410
169.0 50.0 414
169.0 51.0 413
169.0 52.0 409
169.0 53.0 404
169.0 54.0 402
169.0 55.0 401
169.0 56.0 400
169.0 57.0 401
169.0 58.0 401
170.0 18.0 402
170.0 19.0 402
170.0 20.0 401
170.0 21.0 401
170.0 22.0 402
170.0 23.0 401
170.0 24.0 401
170.0 25.0 401
170.0 26.0 401
170.0 27.0 401
170.0 28.0 401
170.0 29.0 401
170.0 30.0 401
170.0 31.0 401
170.0 32.0 403
170.0 33.0 405
170.0 34.0 409
170.0 35.0 414
170.0 36.0 415
170.0 37.0 411
170.0 38.0 407
170.0 39.0 413
170.0 40.0 436
170.0 41.0 465
170.0 42.0 485
170.0 43.0 493
170.0 44.0 488
170.0 45.0 469
170.0 46.0 440
170.0 47.0 414
170.0 48.0 404
170.0 49.0 408
170.0 50.0 413
170.0 51.0 414
170.0 52.0 410
170.0 53.0 406
170.0 54.0 402
170.0 55.0 401
170.0 56.0 400
170.0 57.0 400
170.0 58.0 400
171.0 18.0 402
171.0 19.0 402
171.0 20.0 402
171.0 21.0 401
171.0 22.0 402
171.0 23.0 401
171.0 24.0 401
171.0 25.0 401
171.0 26.0 401
171.0 27.0 401
171.0 28.0 401
171.0 29.0 401
171.0 30.0 401
171.0 31.0 401
171.0 32.0 403
171.0 33.0 406
171.0 34.0 411
171.0 35.0 415
171.0 36.0 414
171.0 37.0 409
171.0 38.0 405
171.0 39.0 418
171.0 40.0 451
171.0 41.0 487
171.0 42.0 510
171.0 43.0 519
171.0 44.0 513
171.0 45.0 492
171.0 46.0 458
171.0 47.0 425
171.0 48.0 405
171.0 49.0 406
171.0 50.0 413
171.0 51.0 415
171.0 52.0 411
171.0 53.0 406
171.0 54.0 402
171.0 55.0 401
171.0 56.0 400
171.0 57.0 400
171.0 58.0 400
172.0 18.0 402
172.0 19.0 402
172.0 20.0 402
172.0 21.0 401
172.0 22.0 401
172.0 23.0 401
172.0 24.0 401
172.0 25.0 401
172.0 26.0 401
172.0 27.0 401
172.0 28.0 401
172.0 29.0 401
172.0 30.0 401
172.0 31.0 401
172.0 32.0 403
172.0 33.0 406
172.0 34.0 412
172.0 35.0 415
172.0 36.0 414
172.0 37.0 407
172.0 38.0 406
172.0 39.0 427
172.0 40.0 468
172.0 41.0 507
172.0 42.0 530
172.0 43.0 539
172.0 44.0 533
172.0 45.0 511
172.0 46.0 475
172.0 47.0 436
172.0 48.0 408
172.0 49.0 405
172.0 50.0 413
172.0 51.0 415
172.0 52.0 412
172.0 53.0 407
172.0 54.0 403
172.0 55.0 401
172.0 56.0 401
172.0 57.0 400
172.0 58.0 400
173.0 18.0 402
173.0 19.0 402
173.0 20.0 401
173.0 21.0 401
173.0 22.0 401
173.0 23.0 401
173.0 24.0 401
173.0 25.0 401
173.0 26.0 400
173.0 27.0 401
173.0 28.0 400
173.0 29.0 401
173.0 30.0 401
173.0 31.0 402
173.0 32.0 404
173.0 33.0 407
173.0 34.0 412
173.0 35.0 416
173.0 36.0 414
173.0 37.0 407
173.0 38.0 408
173.0 39.0 436
173.0 40.0 481
173.0 41.0 520
173.0 42.0 545
173.0 43.0 555
173.0 44.0 547
173.0 45.0 525
173.0 46.0 488
173.0 47.0 445
173.0 48.0 411
173.0 49.0 405
173.0 50.0 412
173.0 51.0 416
173.0 52.0 413
173.0 53.0 408
173.0 54.0 403
173.0 55.0 401
173.0 56.0 401
173.0 57.0 400
173.0 58.0 400
174.0 18.0 402
174.0 19.0 402
174.0 20.0 401
174.0 21.0 401
174.0 22.0 401
174.0 23.0 401
174.0 24.0 401
174.0 25.0 401
174.0 26.0 401
174.0 27.0 401
174.0 28.0 401
174.0 29.0 401
174.0 30.0 401
174.0 31.0 402
174.0 32.0 403
174.0 33.0 407
174.0 34.0 413
174.0 35.0 416
174.0 36.0 414
174.0 37.0 406
174.0 38.0 411
174.0 39.0 441
174.0 40.0 489
174.0 41.0 528
174.0 42.0 552
174.0 43.0 562
174.0 44.0 554
174.0 45.0 532
174.0 46.0 494
174.0 47.0 451
174.0 48.0 414
174.0 49.0 406
174.0 50.0 412
174.0 51.0 416
174.0 52.0 413
174.0 53.0 408
174.0 54.0 403
174.0 55.0 401
174.0 56.0 401
174.0 57.0 400
174.0 58.0 400
175.0 18.0 402
175.0 19.0 402
175.0 20.0 402
175.0 21.0 401
175.0 22.0 401
175.0 23.0 401
175.0 24.0 401
175.0 25.0 401
175.0 26.0 401
175.0 27.0 401
175.0 28.0 401
175.0 29.0 401
175.0 30.0 401
175.0 31.0 402
175.0 32.0 404
175.0 33.0 407
175.0 34.0 413
175.0 35.0 417
175.0 36.0 414
175.0 37.0 408
175.0 38.0 412
175.0 39.0 441
175.0 40.0 488
175.0 41.0 528
175.0 42.0 552
175.0 43.0 561
175.0 44.0 555
175.0 45.0 533
175.0 46.0 495
175.0 47.0 451
175.0 48.0 414
175.0 49.0 406
175.0 50.0 412
175.0 51.0 416
175.0 52.0 413
175.0 53.0 408
175.0 54.0 404
175.0 55.0 401
175.0 56.0 401
175.0 57.0 400
175.0 58.0 400
176.0 18.0 402
176.0 19.0 402
176.0 20.0 402
176.0 21.0 401
176.0 22.0 401
176.0 23.0 401
176.0 24.0 401
176.0 25.0 401
176.0 26.0 401
176.0 27.0 401
176.0 28.0 401
176.0 29.0 401
176.0 30.0 401
176.0 31.0 402
176.0 32.0 404
176.0 33.0 408
176.0 34.0 413
176.0 35.0 417
176.0 36.0 415
176.0 37.0 408
176.0 38.0 411
176.0 39.0 438
176.0 40.0 481
176.0 41.0 521
176.0 42.0 545
176.0 43.0 554
176.0 44.0 548
176.0 45.0 526
176.0 46.0 489
176.0 47.0 447
176.0 48.0 414
176.0 49.0 407
176.0 50.0 413
176.0 51.0 416
176.0 52.0 413
176.0 53.0 407
176.0 54.0 403
176.0 55.0 401
176.0 56.0 401
176.0 57.0 400
176.0 58.0 400
177.0 18.0 402
177.0 19.0 402
177.0 20.0 402
177.0 21.0 401
177.0 22.0 401
177.0 23.0 401
177.0 24.0 401
177.0 25.0 401
177.0 26.0 401
177.0 27.0 401
177.0 28.0 401
177.0 29.0 401
177.0 30.0 402
177.0 31.0 402
177.0 32.0 404
177.0 33.0 408
177.0 34.0 413
177.0 35.0 418
177.0 36.0 416
177.0 37.0 410
177.0 38.0 410
177.0 39.0 431
177.0 40.0 470
177.0 41.0 508
177.0 42.0 531
177.0 43.0 540
177.0 44.0 534
177.0 45.0 513
177.0 46.0 478
177.0 47.0 439
177.0 48.0 412
177.0 49.0 408
177.0 50.0 413
177.0 51.0 416
177.0 52.0 413
177.0 53.0 407
177.0 54.0 403
177.0 55.0 401
177.0 56.0 401
177.0 57.0 400
177.0 58.0 400
178.0 18.0 402
178.0 19.0 402
178.0 20.0 402
178.0 21.0 402
178.0 22.0 401
178.0 23.0 401
178.0 24.0 401
178.0 25.0 401
178.0 26.0 401
178.0 27.0 401
178.0 28.0 401
178.0 29.0 402
178.0 30.0 402
178.0 31.0 402
178.0 32.0 404
178.0 33.0 407
178.0 34.0 413
178.0 35.0 417
178.0 36.0 418
178.0 37.0 413
178.0 38.0 410
178.0 39.0 422
178.0 40.0 453
178.0 41.0 488
178.0 42.0 510
178.0 43.0 520
178.0 44.0 515
178.0 45.0 494
178.0 46.0 462
178.0 47.0 429
178.0 48.0 410
178.0 49.0 410
178.0 50.0 415
178.0 51.0 417
178.0 52.0 412
178.0 53.0 407
178.0 54.0 403
178.0 55.0 401
178.0 56.0 401
178.0 57.0 401
178.0 58.0 400
179.0 18.0 402
179.0 19.0 402
179.0 20.0 402
179.0 21.0 402
179.0 22.0 402
179.0 23.0 402
179.0 24.0 401
179.0 25.0 401
179.0 26.0 401
179.0 27.0 401
179.0 28.0 401
179.0 29.0 401
179.0 30.0 402
179.0 31.0 402
179.0 32.0 404
179.0 33.0 407
179.0 34.0 412
179.0 35.0 417
179.0 36.0 419
179.0 37.0 415
179.0 38.0 411
179.0 39.0 415
179.0 40.0 437
179.0 41.0 466
179.0 42.0 486
179.0 43.0 495
179.0 44.0 489
179.0 45.0 472
179.0 46.0 444
179.0 47.0 420
179.0 48.0 409
179.0 49.0 412
179.0 50.0 416
179.0 51.0 415
179.0 52.0 412
179.0 53.0 406
179.0 54.0 403
179.0 55.0 401
179.0 56.0 401
179.0 57.0 401
179.0 58.0 401
180.0 18.0 403
180.0 19.0 402
180.0 20.0 402
180.0 21.0 402
180.0 22.0 401
180.0 23.0 401
180.0 24.0 401
180.0 25.0 401
180.0 26.0 401
180.0 27.0 401
180.0 28.0 401
180.0 29.0 401
180.0 30.0 402
180.0 31.0 402
180.0 32.0 403
180.0 33.0 406
180.0 34.0 411
180.0 35.0 416
180.0 36.0 419
180.0 37.0 417
180.0 38.0 413
180.0 39.0 413
180.0 40.0 426
180.0 41.0 446
180.0 42.0 462
180.0 43.0 469
180.0 44.0 465
180.0 45.0 449
180.0 46.0 428
180.0 47.0 413
180.0 48.0 410
180.0 49.0 414
180.0 50.0 417
180.0 51.0 416
180.0 52.0 411
180.0 53.0 406
180.0 54.0 403
180.0 55.0 401
180.0 56.0 400
180.0 57.0 401
180.0 58.0 400
181.0 18.0 403
181.0 19.0 402
181.0 20.0 402
181.0 21.0 402
181.0 22.0 402
181.0 23.0 401
181.0 24.0 401
181.0 25.0 401
181.0 26.0 401
181.0 27.0 401
181.0 28.0 402
181.0 29.0 401
181.0 30.0 401
181.0 31.0 402
181.0 32.0 403
181.0 33.0 406
181.0 34.0 410
181.0 35.0 416
181.0 36.0 419
181.0 37.0 419
181.0 38.0 416
181.0 39.0 416
181.0 40.0 422
181.0 41.0 435
181.0 42.0 447
181.0 43.0 451
181.0 44.0 445
181.0 45.0 432
181.0 46.0 417
181.0 47.0 410
181.0 48.0 412
181.0 49.0 416
181.0 50.0 418
181.0 51.0 415
181.0 52.0 410
181.0 53.0 406
181.0 54.0 403
181.0 55.0 401
181.0 56.0 401
181.0 57.0 401
181.0 58.0 400
182.0 18.0 402
182.0 19.0 402
182.0 20.0 402
182.0 21.0 402
182.0 22.0 401
182.0 23.0 401
182.0 24.0 401
182.0 25.0 401
182.0 26.0 401
182.0 27.0 401
182.0 28.0 401
182.0 29.0 401
182.0 30.0 402
182.0 31.0 402
182.0 32.0 404
182.0 33.0 406
182.0 34.0 410
182.0 35.0 414
182.0 36.0 418
182.0 37.0 419
182.0 38.0 419
182.0 39.0 420
182.0 40.0 428
182.0 41.0 438
182.0 42.0 446
182.0 43.0 447
182.0 44.0 440
182.0 45.0 426
182.0 46.0 415
182.0 47.0 411
182.0 48.0 414
182.0 49.0 417
182.0 50.0 417
182.0 51.0 414
182.0 52.0 409
182.0 53.0 405
182.0 54.0 402
182.0 55.0 402
182.0 56.0 401
182.0 57.0 401
182.0 58.0 401
183.0 18.0 402
183.0 19.0 403
183.0 20.0 402
183.0 21.0 402
183.0 22.0 401
183.0 23.0 401
183.0 24.0 401
183.0 25.0 401
183.0 26.0 401
183.0 27.0 402
183.0 28.0 402
183.0 29.0 402
183.0 30.0 402
183.0 31.0 402
183.0 32.0 404
183.0 33.0 405
183.0 34.0 409
183.0 35.0 412
183.0 36.0 416
183.0 37.0 417
183.0 38.0 420
183.0 39.0 426
183.0 40.0 437
183.0 41.0 449
183.0 42.0 457
183.0 43.0 456
183.0 44.0 446
183.0 45.0 432
183.0 46.0 418
183.0 47.0 413
183.0 48.0 414
183.0 49.0 417
183.0 50.0 417
183.0 51.0 413
183.0 52.0 408
183.0 53.0 404
183.0 54.0 402
183.0 55.0 401
183.0 56.0 401
183.0 57.0 401
183.0 58.0 400
184.0 18.0 403
184.0 19.0 403
184.0 20.0 402
184.0 21.0 402
184.0 22.0 401
184.0 23.0 401
184.0 24.0 401
184.0 25.0 401
184.0 26.0 401
184.0 27.0 401
184.0 28.0 401
184.0 29.0 402
184.0 30.0 402
184.0 31.0 403
184.0 32.0 404
184.0 33.0 406
184.0 34.0 409
184.0 35.0 411
184.0 36.0 413
184.0 37.0 415
184.0 38.0 420
184.0 39.0 432
184.0 40.0 449
184.0 41.0 465
184.0 42.0 473
184.0 43.0 471
184.0 44.0 460
184.0 45.0 442
184.0 46.0 425
184.0 47.0 416
184.0 48.0 415
184.0 49.0 416
184.0 50.0 416
184.0 51.0 412
184.0 52.0 408
184.0 53.0 404
184.0 54.0 402
184.0 55.0 402
184.0 56.0 402
184.0 57.0 403
184.0 58.0 402
185.0 18.0 403
185.0 19.0 402
185.0 20.0 402
185.0 21.0 402
185.0 22.0 401
185.0 23.0 401
185.0 24.0 401
185.0 25.0 401
185.0 26.0 401
185.0 27.0 401
185.0 28.0 402
185.0 29.0 402
185.0 30.0 402
185.0 31.0 403
185.0 32.0 404
185.0 33.0 406
185.0 34.0 409
185.0 35.0 411
185.0 36.0 410
185.0 37.0 412
185.0 38.0 421
185.0 39.0 438
185.0 40.0 460
185.0 41.0 479
185.0 42.0 489
185.0 43.0 487
185.0 44.0 476
185.0 45.0 455
185.0 46.0 432
185.0 47.0 419
185.0 48.0 414
185.0 49.0 415
185.0 50.0 414
185.0 51.0 411
185.0 52.0 407
185.0 53.0 404
185.0 54.0 403
185.0 55.0 401
185.0 56.0 401
185.0 57.0 401
185.0 58.0 401
186.0 18.0 403
186.0 19.0 402
186.0 20.0 402
186.0 21.0 402
186.0 22.0 402
186.0 23.0 401
186.0 24.0 401
186.0 25.0 401
186.0 26.0 401
186.0 27.0 401
186.0 28.0 402
186.0 29.0 402
186.0 30.0 403
186.0 31.0 402
186.0 32.0 404
186.0 33.0 406
186.0 34.0 408
186.0 35.0 410
186.0 36.0 409
186.0 37.0 411
186.0 38.0 421
186.0 39.0 443
186.0 40.0 469
186.0 41.0 491
186.0 42.0 502
186.0 43.0 501
186.0 44.0 488
186.0 45.0 465
186.0 46.0 440
186.0 47.0 421
186.0 48.0 413
186.0 49.0 413
186.0 50.0 412
186.0 51.0 411
186.0 52.0 407
186.0 53.0 404
186.0 54.0 402
186.0 55.0 401
186.0 56.0 401
186.0 57.0 401
186.0 58.0 401
187.0 18.0 403
187.0 19.0 403
187.0 20.0 402
187.0 21.0 402
187.0 22.0 402
187.0 23.0 401
187.0 24.0 401
187.0 25.0 401
187.0 26.0 401
187.0 27.0 402
187.0 28.0 402
187.0 29.0 402
187.0 30.0 403
187.0 31.0 403
187.0 32.0 404
187.0 33.0 406
187.0 34.0 409
187.0 35.0 410
187.0 36.0 408
187.0 37.0 410
187.0 38.0 422
187.0 39.0 447
187.0 40.0 476
187.0 41.0 499
187.0 42.0 510
187.0 43.0 509
187.0 44.0 495
187.0 45.0 472
187.0 46.0 444
187.0 47.0 422
187.0 48.0 412
187.0 49.0 411
187.0 50.0 411
187.0 51.0 410
187.0 52.0 407
187.0 53.0 404
187.0 54.0 402
187.0 55.0 402
187.0 56.0 401
187.0 57.0 401
187.0 58.0 401
188.0 18.0 403
188.0 19.0 402
188.0 20.0 402
188.0 21.0 402
188.0 22.0 401
188.0 23.0 401
188.0 24.0 401
188.0 25.0 401
188.0 26.0 401
188.0 27.0 401
188.0 28.0 401
188.0 29.0 402
188.0 30.0 402
188.0 31.0 404
188.0 32.0 405
188.0 33.0 407
188.0 34.0 410
188.0 35.0 410
188.0 36.0 409
188.0 37.0 410
188.0 38.0 423
188.0 39.0 449
188.0 40.0 480
188.0 41.0 502
188.0 42.0 514
188.0 43.0 513
188.0 44.0 499
188.0 45.0 475
188.0 46.0 446
188.0 47.0 422
188.0 48.0 411
188.0 49.0 409
188.0 50.0 410
188.0 51.0 409
188.0 52.0 406
188.0 53.0 404
188.0 54.0 402
188.0 55.0 402
188.0 56.0 401
188.0 57.0 401
188.0 58.0 401
189.0 18.0 403
189.0 19.0 402
189.0 20.0 402
189.0 21.0 401
189.0 22.0 402
189.0 23.0 402
189.0 24.0 401
189.0 25.0 401
189.0 26.0 401
189.0 27.0 402
189.0 28.0 401
189.0 29.0 402
189.0 30.0 402
189.0 31.0 404
189.0 32.0 405
189.0 33.0 408
189.0 34.0 410
189.0 35.0 411
189.0 36.0 410
189.0 37.0 412
189.0 38.0 424
189.0 39.0 449
189.0 40.0 478
189.0 41.0 500
189.0 42.0 511
189.0 43.0 511
189.0 44.0 497
189.0 45.0 474
189.0 46.0 445
189.0 47.0 421
189.0 48.0 409
189.0 49.0 408
189.0 50.0 410
189.0 51.0 408
189.0 52.0 407
189.0 53.0 404
189.0 54.0 403
189.0 55.0 402
189.0 56.0 401
189.0 57.0 401
189.0 58.0 401
190.0 18.0 402
190.0 19.0 403
190.0 20.0 402
190.0 21.0 402
190.0 22.0 402
190.0 23.0 401
190.0 24.0 402
190.0 25.0 401
190.0 26.0 402
190.0 27.0 401
190.0 28.0 401
190.0 29.0 402
190.0 30.0 403
190.0 31.0 404
190.0 32.0 405
190.0 33.0 408
190.0 34.0 411
190.0 35.0 413
190.0 36.0 412
190.0 37.0 413
190.0 38.0 423
190.0 39.0 444
190.0 40.0 472
190.0 41.0 493
190.0 42.0 504
190.0 43.0 503
190.0 44.0 491
190.0 45.0 468
190.0 46.0 440
190.0 47.0 419
190.0 48.0 408
190.0 49.0 408
190.0 50.0 409
190.0 51.0 409
190.0 52.0 406
190.0 53.0 404
190.0 54.0 402
190.0 55.0 401
190.0 56.0 401
190.0 57.0 401
190.0 58.0 401
191.0 18.0 403
191.0 19.0 403
191.0 20.0 402
191.0 21.0 402
191.0 22.0 401
191.0 23.0 401
191.0 24.0 401
191.0 25.0 401
191.0 26.0 401
191.0 27.0 402
191.0 28.0 401
191.0 29.0 402
191.0 30.0 403
191.0 31.0 404
191.0 32.0 405
191.0 33.0 409
191.0 34.0 413
191.0 35.0 415
191.0 36.0 415
191.0 37.0 415
191.0 38.0 421
191.0 39.0 436
191.0 40.0 461
191.0 41.0 480
191.0 42.0 491
191.0 43.0 490
191.0 44.0 479
191.0 45.0 458
191.0 46.0 434
191.0 47.0 417
191.0 48.0 409
191.0 49.0 408
191.0 50.0 409
191.0 51.0 408
191.0 52.0 406
191.0 53.0 404
191.0 54.0 402
191.0 55.0 402
191.0 56.0 401
191.0 57.0 401
191.0 58.0 401
192.0 18.0 403
192.0 19.0 402
192.0 20.0 402
192.0 21.0 402
192.0 22.0 402
192.0 23.0 402
192.0 24.0 402
192.0 25.0 402
192.0 26.0 401
192.0 27.0 402
192.0 28.0 402
192.0 29.0 402
192.0 30.0 403
192.0 31.0 404
192.0 32.0 406
192.0 33.0 410
192.0 34.0 414
192.0 35.0 418
192.0 36.0 417
192.0 37.0 415
192.0 38.0 416
192.0 39.0 426
192.0 40.0 445
192.0 41.0 463
192.0 42.0 472
192.0 43.0 473
192.0 44.0 464
192.0 45.0 447
192.0 46.0 428
192.0 47.0 414
192.0 48.0 409
192.0 49.0 409
192.0 50.0 409
192.0 51.0 408
192.0 52.0 405
192.0 53.0 403
192.0 54.0 403
192.0 55.0 402
192.0 56.0 401
192.0 57.0 401
192.0 58.0 401
193.0 18.0 402
193.0 19.0 403
193.0 20.0 402
193.0 21.0 402
193.0 22.0 402
193.0 23.0 401
193.0 24.0 401
193.0 25.0 401
193.0 26.0 401
193.0 27.0 401
193.0 28.0 402
193.0 29.0 402
193.0 30.0 403
193.0 31.0 404
193.0 32.0 407
193.0 33.0 411
193.0 34.0 416
193.0 35.0 419
193.0 36.0 418
193.0 37.0 414
193.0 38.0 412
193.0 39.0 417
193.0 40.0 429
193.0 41.0 443
193.0 42.0 451
193.0 43.0 453
193.0 44.0 445
193.0 45.0 434
193.0 46.0 421
193.0 47.0 413
193.0 48.0 411
193.0 49.0 410
193.0 50.0 409
193.0 51.0 408
193.0 52.0 405
193.0 53.0 403
193.0 54.0 402
193.0 55.0 402
193.0 56.0 402
193.0 57.0 402
193.0 58.0 402
194.0 18.0 402
194.0 19.0 402
194.0 20.0 402
194.0 21.0 402
194.0 22.0 401
194.0 23.0 402
194.0 24.0 402
194.0 25.0 402
194.0 26.0 401
194.0 27.0 402
194.0 28.0 402
194.0 29.0 402
194.0 30.0 402
194.0 31.0 405
194.0 32.0 408
194.0 33.0 413
194.0 34.0 416
194.0 35.0 418
194.0 36.0 416
194.0 37.0 412
194.0 38.0 409
194.0 39.0 411
194.0 40.0 419
194.0 41.0 427
194.0 42.0 433
194.0 43.0 433
194.0 44.0 428
194.0 45.0 421
194.0 46.0 416
194.0 47.0 413
194.0 48.0 412
194.0 49.0 411
194.0 50.0 409
194.0 51.0 407
194.0 52.0 405
194.0 53.0 403
194.0 54.0 402
194.0 55.0 401
194.0 56.0 401
194.0 57.0 401
194.0 58.0 401
195.0 18.0 403
195.0 19.0 402
195.0 20.0 402
195.0 21.0 402
195.0 22.0 402
195.0 23.0 402
195.0 24.0 401
195.0 25.0 402
195.0 26.0 401
195.0 27.0 402
195.0 28.0 402
195.0 29.0 402
195.0 30.0 403
195.0 31.0 406
195.0 32.0 410
195.0 33.0 414
195.0 34.0 416
195.0 35.0 416
195.0 36.0 413
195.0 37.0 410
195.0 38.0 412
195.0 39.0 416
195.0 40.0 422
195.0 41.0 425
195.0 42.0 424
195.0 43.0 420
195.0 44.0 416
195.0 45.0 413
195.0 46.0 413
195.0 47.0 414
195.0 48.0 414
195.0 49.0 412
195.0 50.0 409
195.0 51.0 407
195.0 52.0 405
195.0 53.0 403
195.0 54.0 402
195.0 55.0 401
195.0 56.0 401
195.0 57.0 401
195.0 58.0 401
196.0 18.0 403
196.0 19.0 403
196.0 20.0 402
196.0 21.0 402
196.0 22.0 402
196.0 23.0 402
196.0 24.0 402
196.0 25.0 402
196.0 26.0 402
196.0 27.0 402
196.0 28.0 402
196.0 29.0 402
196.0 30.0 404
196.0 31.0 407
196.0 32.0 411
196.0 33.0 414
196.0 34.0 415
196.0 35.0 412
196.0 36.0 410
196.0 37.0 413
196.0 38.0 423
196.0 39.0 434
196.0 40.0 442
196.0 41.0 441
196.0 42.0 432
196.0 43.0 421
196.0 44.0 411
196.0 45.0 409
196.0 46.0 412
196.0 47.0 415
196.0 48.0 415
196.0 49.0 413
196.0 50.0 409
196.0 51.0 406
196.0 52.0 404
196.0 53.0 402
196.0 54.0 402
196.0 55.0 401
196.0 56.0 401
196.0 57.0 401
196.0 58.0 401
197.0 18.0 403
197.0 19.0 403
197.0 20.0 402
197.0 21.0 402
197.0 22.0 402
197.0 23.0 402
197.0 24.0 402
197.0 25.0 402
197.0 26.0 402
197.0 27.0 402
197.0 28.0 402
197.0 29.0 403
197.0 30.0 405
197.0 31.0 408
197.0 32.0 412
197.0 33.0 414
197.0 34.0 413
197.0 35.0 408
197.0 36.0 409
197.0 37.0 423
197.0 38.0 443
197.0 39.0 460
197.0 40.0 469
197.0 41.0 467
197.0 42.0 453
197.0 43.0 434
197.0 44.0 416
197.0 45.0 409
197.0 46.0 411
197.0 47.0 416
197.0 48.0 417
197.0 49.0 414
197.0 50.0 409
197.0 51.0 406
197.0 52.0 404
197.0 53.0 403
197.0 54.0 402
197.0 55.0 401
197.0 56.0 401
197.0 57.0 401
197.0 58.0 400
198.0 18.0 403
198.0 19.0 402
198.0 20.0 402
198.0 21.0 402
198.0 22.0 402
198.0 23.0 402
198.0 24.0 402
198.0 25.0 402
198.0 26.0 402
198.0 27.0 402
198.0 28.0 402
198.0 29.0 403
198.0 30.0 405
198.0 31.0 409
198.0 32.0 413
198.0 33.0 414
198.0 34.0 410
198.0 35.0 406
198.0 36.0 414
198.0 37.0 438
198.0 38.0 465
198.0 39.0 487
198.0 40.0 498
198.0 41.0 493
198.0 42.0 476
198.0 43.0 450
198.0 44.0 425
198.0 45.0 411
198.0 46.0 411
198.0 47.0 416
198.0 48.0 417
198.0 49.0 414
198.0 50.0 410
198.0 51.0 405
198.0 52.0 403
198.0 53.0 402
198.0 54.0 401
198.0 55.0 401
198.0 56.0 401
198.0 57.0 401
198.0 58.0 401
199.0 18.0 403
199.0 19.0 403
199.0 20.0 403
199.0 21.0 402
199.0 22.0 402
199.0 23.0 402
199.0 24.0 402
199.0 25.0 402
199.0 26.0 402
199.0 27.0 402
199.0 28.0 402
199.0 29.0 403
199.0 30.0 406
199.0 31.0 410
199.0 32.0 414
199.0 33.0 413
199.0 34.0 408
199.0 35.0 406
199.0 36.0 422
199.0 37.0 455
199.0 38.0 488
199.0 39.0 511
199.0 40.0 521
199.0 41.0 515
199.0 42.0 497
199.0 43.0 468
199.0 44.0 434
199.0 45.0 414
199.0 46.0 410
199.0 47.0 415
199.0 48.0 417
199.0 49.0 414
199.0 50.0 409
199.0 51.0 405
199.0 52.0 403
199.0 53.0 402
199.0 54.0 402
199.0 55.0 401
199.0 56.0 401
199.0 57.0 401
199.0 58.0 401
200.0 18.0 403
200.0 19.0 403
200.0 20.0 402
200.0 21.0 402
200.0 22.0 402
200.0 23.0 403
200.0 24.0 402
200.0 25.0 402
200.0 26.0 402
200.0 27.0 402
200.0 28.0 402
200.0 29.0 403
200.0 30.0 406
200.0 31.0 411
200.0 32.0 414
200.0 33.0 412
200.0 34.0 407
200.0 35.0 407
200.0 36.0 429
200.0 37.0 468
200.0 38.0 502
200.0 39.0 526
200.0 40.0 536
200.0 41.0 530
200.0 42.0 511
200.0 43.0 479
200.0 44.0 442
200.0 45.0 416
200.0 46.0 410
200.0 47.0 414
200.0 48.0 417
200.0 49.0 414
200.0 50.0 409
200.0 51.0 405
200.0 52.0 403
200.0 53.0 402
200.0 54.0 402
200.0 55.0 401
200.0 56.0 402
200.0 57.0 401
200.0 58.0 401
201.0 18.0 403
201.0 19.0 403
201.0 20.0 402
201.0 21.0 403
201.0 22.0 403
201.0 23.0 402
201.0 24.0 402
201.0 25.0 402
201.0 26.0 402
201.0 27.0 401
201.0 28.0 402
201.0 29.0 404
201.0 30.0 407
201.0 31.0 412
201.0 32.0 414
201.0 33.0 411
201.0 34.0 406
201.0 35.0 408
201.0 36.0 435
201.0 37.0 476
201.0 38.0 512
201.0 39.0 536
201.0 40.0 545
201.0 41.0 538
201.0 42.0 518
201.0 43.0 485
201.0 44.0 446
201.0 45.0 416
201.0 46.0 408
201.0 47.0 413
201.0 48.0 416
201.0 49.0 414
201.0 50.0 409
201.0 51.0 405
201.0 52.0 403
201.0 53.0 402
201.0 54.0 401
201.0 55.0 401
201.0 56.0 401
201.0 57.0 401
201.0 58.0 401
202.0 18.0 403
202.0 19.0 403
202.0 20.0 402
202.0 21.0 402
202.0 22.0 402
202.0 23.0 402
202.0 24.0 402
202.0 25.0 402
202.0 26.0 402
202.0 27.0 402
202.0 28.0 402
202.0 29.0 404
202.0 30.0 407
202.0 31.0 412
202.0 32.0 414
202.0 33.0 411
202.0 34.0 406
202.0 35.0 409
202.0 36.0 436
202.0 37.0 477
202.0 38.0 513
202.0 39.0 535
202.0 40.0 545
202.0 41.0 538
202.0 42.0 517
202.0 43.0 485
202.0 44.0 444
202.0 45.0 415
202.0 46.0 408
202.0 47.0 413
202.0 48.0 415
202.0 49.0 413
202.0 50.0 409
202.0 51.0 405
202.0 52.0 403
202.0 53.0 402
202.0 54.0 401
202.0 55.0 401
202.0 56.0 401
202.0 57.0 401
202.0 58.0 402
203.0 18.0 403
203.0 19.0 403
203.0 20.0 403
203.0 21.0 403
203.0 22.0 402
203.0 23.0 403
203.0 24.0 402
203.0 25.0 403
203.0 26.0 402
203.0 27.0 402
203.0 28.0 402
203.0 29.0 404
203.0 30.0 407
203.0 31.0 412
203.0 32.0 414
203.0 33.0 413
203.0 34.0 406
203.0 35.0 408
203.0 36.0 432
203.0 37.0 472
203.0 38.0 505
203.0 39.0 528
203.0 40.0 537
203.0 41.0 530
203.0 42.0 510
203.0 43.0 478
203.0 44.0 439
203.0 45.0 412
203.0 46.0 407
203.0 47.0 412
203.0 48.0 415
203.0 49.0 413
203.0 50.0 408
203.0 51.0 405
203.0 52.0 402
203.0 53.0 402
203.0 54.0 402
203.0 55.0 401
203.0 56.0 401
203.0 57.0 401
203.0 58.0 401
204.0 18.0 403
204.0 19.0 403
204.0 20.0 403
204.0 21.0 402
204.0 22.0 402
204.0 23.0 403
204.0 24.0 402
204.0 25.0 402
204.0 26.0 402
204.0 27.0 402
204.0 28.0 403
204.0 29.0 404
204.0 30.0 407
204.0 31.0 411
204.0 32.0 413
204.0 33.0 412
204.0 34.0 407
204.0 35.0 407
204.0 36.0 427
204.0 37.0 460
204.0 38.0 492
204.0 39.0 515
204.0 40.0 524
204.0 41.0 515
204.0 42.0 495
204.0 43.0 464
204.0 44.0 430
204.0 45.0 408
204.0 46.0 407
204.0 47.0 412
204.0 48.0 415
204.0 49.0 413
204.0 50.0 409
204.0 51.0 405
204.0 52.0 403
204.0 53.0 402
204.0 54.0 401
204.0 55.0 401
204.0 56.0 401
204.0 57.0 401
204.0 58.0 401
205.0 18.0 403
205.0 19.0 403
205.0 20.0 403
205.0 21.0 403
205.0 22.0 402
205.0 23.0 402
205.0 24.0 402
205.0 25.0 402
205.0 26.0 402
205.0 27.0 402
205.0 28.0 402
205.0 29.0 404
205.0 30.0 406
205.0 31.0 411
205.0 32.0 413
205.0 33.0 413
205.0 34.0 409
205.0 35.0 408
205.0 36.0 420
205.0 37.0 447
205.0 38.0 474
205.0 39.0 494
205.0 40.0 500
205.0 41.0 494
205.0 42.0 475
205.0 43.0 447
205.0 44.0 419
205.0 45.0 406
205.0 46.0 408
205.0 47.0 413
205.0 48.0 414
205.0 49.0 411
205.0 50.0 407
205.0 51.0 404
205.0 52.0 402
205.0 53.0 402
205.0 54.0 401
205.0 55.0 401
205.0 56.0 401
205.0 57.0 401
205.0 58.0 401
206.0 18.0 403
206.0 19.0 403
206.0 20.0 403
206.0 21.0 402
206.0 22.0 402
206.0 23.0 402
206.0 24.0 402
206.0 25.0 402
206.0 26.0 402
206.0 27.0 402
206.0 28.0 402
206.0 29.0 404
206.0 30.0 406
206.0 31.0 410
206.0 32.0 413
206.0 33.0 413
206.0 34.0 411
206.0 35.0 410
206.0 36.0 418
206.0 37.0 435
206.0 38.0 454
206.0 39.0 469
206.0 40.0 475
206.0 41.0 468
206.0 42.0 451
206.0 43.0 429
206.0 44.0 411
206.0 45.0 405
206.0 46.0 410
206.0 47.0 413
206.0 48.0 414
206.0 49.0 411
206.0 50.0 407
206.0 51.0 403
206.0 52.0 402
206.0 53.0 402
206.0 54.0 401
206.0 55.0 401
206.0 56.0 401
206.0 57.0 401
206.0 58.0 401
207.0 18.0 403
207.0 19.0 403
207.0 20.0 402
207.0 21.0 402
207.0 22.0 402
207.0 23.0 402
207.0 24.0 402
207.0 25.0 402
207.0 26.0 402
207.0 27.0 403
207.0 28.0 402
207.0 29.0 404
207.0 30.0 406
207.0 31.0 408
207.0 32.0 411
207.0 33.0 413
207.0 34.0 414
207.0 35.0 415
207.0 36.0 419
207.0 37.0 427
207.0 38.0 439
207.0 39.0 448
207.0 40.0 449
207.0 41.0 442
207.0 42.0 429
207.0 43.0 415
207.0 44.0 406
207.0 45.0 406
207.0 46.0 410
207.0 47.0 413
207.0 48.0 412
207.0 49.0 409
207.0 50.0 406
207.0 51.0 403
207.0 52.0 402
207.0 53.0 402
207.0 54.0 401
207.0 55.0 402
207.0 56.0 401
207.0 57.0 401
207.0 58.0 401
208.0 18.0 404
208.0 19.0 403
208.0 20.0 403
208.0 21.0 403
208.0 22.0 402
208.0 23.0 402
208.0 24.0 402
208.0 25.0 402
208.0 26.0 402
208.0 27.0 402
208.0 28.0 403
208.0 29.0 404
208.0 30.0 405
208.0 31.0 407
208.0 32.0 410
208.0 33.0 412
208.0 34.0 416
208.0 35.0 419
208.0 36.0 423
208.0 37.0 428
208.0 38.0 432
208.0 39.0 433
208.0 40.0 431
208.0 41.0 423
208.0 42.0 414
208.0 43.0 407
208.0 44.0 405
208.0 45.0 408
208.0 46.0 412
208.0 47.0 413
208.0 48.0 411
208.0 49.0 408
208.0 50.0 405
208.0 51.0 403
208.0 52.0 403
208.0 53.0 402
208.0 54.0 401
208.0 55.0 401
208.0 56.0 401
208.0 57.0 401
208.0 58.0 401
209.0 18.0 403
209.0 19.0 403
209.0 20.0 403
209.0 21.0 402
209.0 22.0 402
209.0 23.0 402
209.0 24.0 402
209.0 25.0 402
209.0 26.0 402
209.0 27.0 402
209.0 28.0 403
209.0 29.0 403
209.0 30.0 404
209.0 31.0 405
209.0 32.0 408
209.0 33.0 412
209.0 34.0 417
209.0 35.0 424
209.0 36.0 429
209.0 37.0 432
209.0 38.0 431
209.0 39.0 428
209.0 40.0 422
209.0 41.0 414
209.0 42.0 409
209.0 43.0 406
209.0 44.0 408
209.0 45.0 411
209.0 46.0 412
209.0 47.0 412
209.0 48.0 409
209.0 49.0 406
209.0 50.0 404
209.0 51.0 403
209.0 52.0 402
209.0 53.0 401
209.0 54.0 401
209.0 55.0 401
209.0 56.0 401
209.0 57.0 402
209.0 58.0 401
210.0 18.0 404
210.0 19.0 403
210.0 20.0 403
210.0 21.0 403
210.0 22.0 402
210.0 23.0 402
210.0 24.0 402
210.0 25.0 402
210.0 26.0 402
210.0 27.0 402
210.0 28.0 402
210.0 29.0 403
210.0 30.0 404
210.0 31.0 405
210.0 32.0 406
210.0 33.0 411
210.0 34.0 419
210.0 35.0 427
210.0 36.0 434
210.0 37.0 436
210.0 38.0 435
210.0 39.0 429
210.0 40.0 422
210.0 41.0 414
210.0 42.0 410
210.0 43.0 409
210.0 44.0 411
210.0 45.0 412
210.0 46.0 412
210.0 47.0 410
210.0 48.0 407
210.0 49.0 405
210.0 50.0 403
210.0 51.0 402
210.0 52.0 402
210.0 53.0 402
210.0 54.0 401
210.0 55.0 401
210.0 56.0 401
210.0 57.0 401
210.0 58.0 401
211.0 18.0 404
211.0 19.0 403
211.0 20.0 403
211.0 21.0 403
211.0 22.0 402
211.0 23.0 402
211.0 24.0 402
211.0 25.0 402
211.0 26.0 402
211.0 27.0 402
211.0 28.0 403
211.0 29.0 403
211.0 30.0 403
211.0 31.0 404
211.0 32.0 406
211.0 33.0 412
211.0 34.0 421
211.0 35.0 430
211.0 36.0 437
211.0 37.0 440
211.0 38.0 437
211.0 39.0 431
211.0 40.0 423
211.0 41.0 415
211.0 42.0 412
211.0 43.0 412
211.0 44.0 413
211.0 45.0 413
211.0 46.0 412
211.0 47.0 409
211.0 48.0 406
211.0 49.0 404
211.0 50.0 403
211.0 51.0 402
211.0 52.0 402
211.0 53.0 402
211.0 54.0 401
211.0 55.0 401
211.0 56.0 401
211.0 57.0 402
211.0 58.0 401
212.0 18.0 404
212.0 19.0 404
212.0 20.0 404
212.0 21.0 403
212.0 22.0 403
212.0 23.0 403
212.0 24.0 402
212.0 25.0 402
212.0 26.0 402
212.0 27.0 403
212.0 28.0 403
212.0 29.0 404
212.0 30.0 403
212.0 31.0 404
212.0 32.0 407
212.0 33.0 413
212.0 34.0 421
212.0 35.0 431
212.0 36.0 439
212.0 37.0 440
212.0 38.0 437
212.0 39.0 431
212.0 40.0 423
212.0 41.0 417
212.0 42.0 414
212.0 43.0 413
212.0 44.0 413
212.0 45.0 412
212.0 46.0 410
212.0 47.0 407
212.0 48.0 404
212.0 49.0 403
212.0 50.0 402
212.0 51.0 402
212.0 52.0 401
212.0 53.0 401
212.0 54.0 401
212.0 55.0 401
212.0 56.0 401
212.0 57.0 401
212.0 58.0 401
213.0 18.0 403
213.0 19.0 403
213.0 20.0 404
213.0 21.0 403
213.0 22.0 403
213.0 23.0 403
213.0 24.0 402
213.0 25.0 402
213.0 26.0 403
213.0 27.0 403
213.0 28.0 403
213.0 29.0 403
213.0 30.0 403
213.0 31.0 404
213.0 32.0 407
213.0 33.0 413
213.0 34.0 422
213.0 35.0 431
213.0 36.0 437
213.0 37.0 439
213.0 38.0 435
213.0 39.0 428
213.0 40.0 421
213.0 41.0 415
213.0 42.0 413
213.0 43.0 412
213.0 44.0 411
213.0 45.0 410
213.0 46.0 408
213.0 47.0 405
213.0 48.0 404
213.0 49.0 403
213.0 50.0 402
213.0 51.0 402
213.0 52.0 402
213.0 53.0 401
213.0 54.0 401
213.0 55.0 401
213.0 56.0 401
213.0 57.0 401
213.0 58.0 401
214.0 18.0 404
214.0 19.0 404
214.0 20.0 404
214.0 21.0 403
214.0 22.0 403
214.0 23.0 403
214.0 24.0 403
214.0 25.0 402
214.0 26.0 402
214.0 27.0 403
214.0 28.0 403
214.0 29.0 404
214.0 30.0 403
214.0 31.0 404
214.0 32.0 407
214.0 33.0 413
214.0 34.0 421
214.0 35.0 429
214.0 36.0 434
214.0 37.0 434
214.0 38.0 430
214.0 39.0 423
214.0 40.0 417
214.0 41.0 412
214.0 42.0 410
214.0 43.0 409
214.0 44.0 409
214.0 45.0 407
214.0 46.0 405
214.0 47.0 404
214.0 48.0 403
214.0 49.0 402
214.0 50.0 402
214.0 51.0 402
214.0 52.0 401
214.0 53.0 402
214.0 54.0 401
214.0 55.0 402
214.0 56.0 401
214.0 57.0 401
214.0 58.0 401
215.0 18.0 404
215.0 19.0 403
215.0 20.0 404
215.0 21.0 403
215.0 22.0 403
215.0 23.0 403
215.0 24.0 402
215.0 25.0 402
215.0 26.0 403
215.0 27.0 403
215.0 28.0 403
215.0 29.0 404
215.0 30.0 403
215.0 31.0 404
215.0 32.0 407
215.0 33.0 413
215.0 34.0 419
215.0 35.0 425
215.0 36.0 428
215.0 37.0 428
215.0 38.0 423
215.0 39.0 418
215.0 40.0 412
215.0 41.0 408
215.0 42.0 407
215.0 43.0 407
215.0 44.0 407
215.0 45.0 406
215.0 46.0 405
215.0 47.0 403
215.0 48.0 403
215.0 49.0 402
215.0 50.0 401
215.0 51.0 402
215.0 52.0 402
215.0 53.0 402
215.0 54.0 401
215.0 55.0 401
215.0 56.0 401
215.0 57.0 401
215.0 58.0 401
216.0 18.0 403
216.0 19.0 403
216.0 20.0 403
216.0 21.0 403
216.0 22.0 403
216.0 23.0 403
216.0 24.0 403
216.0 25.0 403
216.0 26.0 403
216.0 27.0 403
216.0 28.0 403
216.0 29.0 404
216.0 30.0 404
216.0 31.0 405
216.0 32.0 406
216.0 33.0 410
216.0 34.0 415
216.0 35.0 421
216.0 36.0 423
216.0 37.0 421
216.0 38.0 417
216.0 39.0 412
216.0 40.0 408
216.0 41.0 406
216.0 42.0 405
216.0 43.0 405
216.0 44.0 405
216.0 45.0 404
216.0 46.0 403
216.0 47.0 403
216.0 48.0 402
216.0 49.0 402
216.0 50.0 401
216.0 51.0 401
216.0 52.0 401
216.0 53.0 401
216.0 54.0 401
216.0 55.0 400
216.0 56.0 401
216.0 57.0 402
216.0 58.0 401
217.0 18.0 404
217.0 19.0 404
217.0 20.0 403
217.0 21.0 403
217.0 22.0 403
217.0 23.0 403
217.0 24.0 403
217.0 25.0 403
217.0 26.0 403
217.0 27.0 404
217.0 28.0 404
217.0 29.0 404
217.0 30.0 404
217.0 31.0 404
217.0 32.0 405
217.0 33.0 409
217.0 34.0 412
217.0 35.0 415
217.0 36.0 416
217.0 37.0 415
217.0 38.0 412
217.0 39.0 408
217.0 40.0 405
217.0 41.0 404
217.0 42.0 404
217.0 43.0 405
217.0 44.0 404
217.0 45.0 404
217.0 46.0 403
217.0 47.0 402
217.0 48.0 402
217.0 49.0 402
217.0 50.0 402
217.0 51.0 402
217.0 52.0 401
217.0 53.0 401
217.0 54.0 401
217.0 55.0 401
217.0 56.0 401
217.0 57.0 401
217.0 58.0 401
218.0 18.0 404
218.0 19.0 403
218.0 20.0 403
218.0 21.0 403
218.0 22.0 403
218.0 23.0 403
218.0 24.0 403
218.0 25.0 403
218.0 26.0 403
218.0 27.0 403
218.0 28.0 404
218.0 29.0 404
218.0 30.0 403
218.0 31.0 404
218.0 32.0 405
218.0 33.0 406
218.0 34.0 409
218.0 35.0 410
218.0 36.0 411
218.0 37.0 410
218.0 38.0 407
218.0 39.0 405
218.0 40.0 404
218.0 41.0 404
218.0 42.0 404
218.0 43.0 404
218.0 44.0 403
218.0 45.0 402
218.0 46.0 402
218.0 47.0 402
218.0 48.0 401
218.0 49.0 402
218.0 50.0 402
218.0 51.0 401
218.0 52.0 402
218.0 53.0 402
218.0 54.0 401
218.0 55.0 401
218.0 56.0 401
218.0 57.0 401
218.0 58.0 401
219.0 18.0 404
219.0 19.0 403
219.0 20.0 403
219.0 21.0 403
219.0 22.0 403
219.0 23.0 403
219.0 24.0 404
219.0 25.0 404
219.0 26.0 404
219.0 27.0 403
219.0 28.0 403
219.0 29.0 403
219.0 30.0 404
219.0 31.0 404
219.0 32.0 404
219.0 33.0 405
219.0 34.0 406
219.0 35.0 407
219.0 36.0 407
219.0 37.0 406
219.0 38.0 405
219.0 39.0 403
219.0 40.0 403
219.0 41.0 403
219.0 42.0 403
219.0 43.0 403
219.0 44.0 403
219.0 45.0 403
219.0 46.0 402
219.0 47.0 402
219.0 48.0 402
219.0 49.0 402
219.0 50.0 401
219.0 51.0 402
219.0 52.0 402
219.0 53.0 401
219.0 54.0 401
219.0 55.0 402
219.0 56.0 402
219.0 57.0 403
219.0 58.0 402
220.0 18.0 404
220.0 19.0 403
220.0 20.0 404
220.0 21.0 403
220.0 22.0 403
220.0 23.0 404
220.0 24.0 403
220.0 25.0 403
220.0 26.0 404
220.0 27.0 403
220.0 28.0 403
220.0 29.0 403
220.0 30.0 403
220.0 31.0 403
220.0 32.0 403
220.0 33.0 404
220.0 34.0 404
220.0 35.0 405
220.0 36.0 405
220.0 37.0 404
220.0 38.0 404
220.0 39.0 403
220.0 40.0 403
220.0 41.0 403
220.0 42.0 403
220.0 43.0 403
220.0 44.0 403
220.0 45.0 402
220.0 46.0 402
220.0 47.0 402
220.0 48.0 402
220.0 49.0 402
220.0 50.0 402
220.0 51.0 402
220.0 52.0 402
220.0 53.0 402
220.0 54.0 401
220.0 55.0 401
220.0 56.0 401
220.0 57.0 401
220.0 58.0 401
221.0 18.0 404
221.0 19.0 403
221.0 20.0 404
221.0 21.0 403
221.0 22.0 403
221.0 23.0 404
221.0 24.0 403
221.0 25.0 403
221.0 26.0 403
221.0 27.0 403
221.0 28.0 403
221.0 29.0 403
221.0 30.0 403
221.0 31.0 404
221.0 32.0 404
221.0 33.0 403
221.0 34.0 403
221.0 35.0 404
221.0 36.0 404
221.0 37.0 404
221.0 38.0 403
221.0 39.0 404
221.0 40.0 403
221.0 41.0 403
221.0 42.0 403
221.0 43.0 403
221.0 44.0 402
221.0 45.0 402
221.0 46.0 402
221.0 47.0 402
221.0 48.0 402
221.0 49.0 402
221.0 50.0 402
221.0 51.0 402
221.0 52.0 402
221.0 53.0 402
221.0 54.0 401
221.0 55.0 401
221.0 56.0 401
221.0 57.0 401
221.0 58.0 402
222.0 18.0 404
222.0 19.0 404
222.0 20.0 404
222.0 21.0 404
222.0 22.0 403
222.0 23.0 404
222.0 24.0 403
222.0 25.0 403
222.0 26.0 403
222.0 27.0 403
222.0 28.0 404
222.0 29.0 405
222.0 30.0 406
222.0 31.0 406
222.0 32.0 405
222.0 33.0 404
222.0 34.0 403
222.0 35.0 403
222.0 36.0 403
222.0 37.0 404
222.0 38.0 404
222.0 39.0 403
222.0 40.0 404
222.0 41.0 403
222.0 42.0 403
222.0 43.0 403
222.0 44.0 402
222.0 45.0 402
222.0 46.0 402
222.0 47.0 401
222.0 48.0 401
222.0 49.0 402
222.0 50.0 402
222.0 51.0 402
222.0 52.0 401
222.0 53.0 401
222.0 54.0 402
222.0 55.0 401
222.0 56.0 401
222.0 57.0 401
222.0 58.0 401
223.0 18.0 404
223.0 19.0 404
223.0 20.0 403
223.0 21.0 404
223.0 22.0 404
223.0 23.0 403
223.0 24.0 403
223.0 25.0 403
223.0 26.0 403
223.0 27.0 404
223.0 28.0 406
223.0 29.0 409
223.0 30.0 409
223.0 31.0 409
223.0 32.0 408
223.0 33.0 405
223.0 34.0 404
223.0 35.0 403
223.0 36.0 404
223.0 37.0 403
223.0 38.0 404
223.0 39.0 404
223.0 40.0 403
223.0 41.0 403
223.0 42.0 403
223.0 43.0 402
223.0 44.0 402
223.0 45.0 402
223.0 46.0 402
223.0 47.0 402
223.0 48.0 402
223.0 49.0 402
223.0 50.0 402
223.0 51.0 401
223.0 52.0 401
223.0 53.0 401
223.0 54.0 401
223.0 55.0 401
223.0 56.0 402
223.0 57.0 401
223.0 58.0 401
224.0 18.0 404
224.0 19.0 404
224.0 20.0 404
224.0 21.0 404
224.0 22.0 403
224.0 23.0 404
224.0 24.0 404
224.0 25.0 403
224.0 26.0 404
224.0 27.0 406
224.0 28.0 410
224.0 29.0 413
224.0 30.0 414
224.0 31.0 413
224.0 32.0 411
224.0 33.0 407
224.0 34.0 404
224.0 35.0 403
224.0 36.0 403
224.0 37.0 404
224.0 38.0 404
224.0 39.0 403
224.0 40.0 403
224.0 41.0 403
224.0 42.0 403
224.0 43.0 402
224.0 44.0 402
224.0 45.0 402
224.0 46.0 402
224.0 47.0 402
224.0 48.0 402
224.0 49.0 402
224.0 50.0 403
224.0 51.0 403
224.0 52.0 404
224.0 53.0 404
224.0 54.0 404
224.0 55.0 404
224.0 56.0 404
224.0 57.0 404
224.0 58.0 403
225.0 18.0 404
225.0 19.0 403
225.0 20.0 404
225.0 21.0 404
225.0 22.0 404
225.0 23.0 404
225.0 24.0 403
225.0 25.0 403
225.0 26.0 404
225.0 27.0 408
225.0 28.0 413
225.0 29.0 417
225.0 30.0 418
225.0 31.0 417
225.0 32.0 413
225.0 33.0 408
225.0 34.0 404
225.0 35.0 403
225.0 36.0 403
225.0 37.0 403
225.0 38.0 403
225.0 39.0 403
225.0 40.0 403
225.0 41.0 403
225.0 42.0 402
225.0 43.0 402
225.0 44.0 402
225.0 45.0 402
225.0 46.0 402
225.0 47.0 402
225.0 48.0 403
225.0 49.0 403
225.0 50.0 403
225.0 51.0 403
225.0 52.0 403
225.0 53.0 403
225.0 54.0 402
225.0 55.0 402
225.0 56.0 401
225.0 57.0 402
225.0 58.0 402
226.0 18.0 404
226.0 19.0 404
226.0 20.0 404
226.0 21.0 404
226.0 22.0 404
226.0 23.0 404
226.0 24.0 403
226.0 25.0 403
226.0 26.0 405
226.0 27.0 409
226.0 28.0 414
226.0 29.0 420
226.0 30.0 422
226.0 31.0 419
226.0 32.0 415
226.0 33.0 409
226.0 34.0 405
226.0 35.0 403
226.0 36.0 403
226.0 37.0 403
226.0 38.0 403
226.0 39.0 403
226.0 40.0 403
226.0 41.0 403
226.0 42.0 402
226.0 43.0 402
226.0 44.0 402
226.0 45.0 402
226.0 46.0 402
226.0 47.0 402
226.0 48.0 402
226.0 49.0 402
226.0 50.0 402
226.0 51.0 402
226.0 52.0 402
226.0 53.0 402
226.0 54.0 401
226.0 55.0 401
226.0 56.0 402
226.0 57.0 402
226.0 58.0 402
227.0 18.0 404
227.0 19.0 404
227.0 20.0 404
227.0 21.0 404
227.0 22.0 404
227.0 23.0 403
227.0 24.0 403
227.0 25.0 403
227.0 26.0 405
227.0 27.0 409
227.0 28.0 414
227.0 29.0 419
227.0 30.0 421
227.0 31.0 420
227.0 32.0 416
227.0 33.0 409
227.0 34.0 405
227.0 35.0 403
227.0 36.0 402
227.0 37.0 403
227.0 38.0 403
227.0 39.0 403
227.0 40.0 402
227.0 41.0 403
227.0 42.0 402
227.0 43.0 402
227.0 44.0 402
227.0 45.0 402
227.0 46.0 402
227.0 47.0 402
227.0 48.0 402
227.0 49.0 402
227.0 50.0 402
227.0 51.0 402
227.0 52.0 401
227.0 53.0 401
227.0 54.0 401
227.0 55.0 402
227.0 56.0 401
227.0 57.0 401
227.0 58.0 401
228.0 18.0 404
228.0 19.0 404
228.0 20.0 404
228.0 21.0 404
228.0 22.0 404
228.0 23.0 404
228.0 24.0 403
228.0 25.0 403
228.0 26.0 404
228.0 27.0 408
228.0 28.0 412
228.0 29.0 417
228.0 30.0 419
228.0 31.0 417
228.0 32.0 413
228.0 33.0 408
228.0 34.0 404
228.0 35.0 402
228.0 36.0 402
228.0 37.0 403
228.0 38.0 403
228.0 39.0 402
228.0 40.0 403
228.0 41.0 402
228.0 42.0 402
228.0 43.0 402
228.0 44.0 402
228.0 45.0 402
228.0 46.0 402
228.0 47.0 402
228.0 48.0 402
228.0 49.0 402
228.0 50.0 402
228.0 51.0 402
228.0 52.0 401
228.0 53.0 401
228.0 54.0 402
228.0 55.0 401
228.0 56.0 401
228.0 57.0 401
228.0 58.0 401
229.0 18.0 405
229.0 19.0 404
229.0 20.0 404
229.0 21.0 404
229.0 22.0 404
229.0 23.0 404
229.0 24.0 403
229.0 25.0 402
229.0 26.0 403
229.0 27.0 406
229.0 28.0 410
229.0 29.0 413
229.0 30.0 414
229.0 31.0 413
229.0 32.0 410
229.0 33.0 406
229.0 34.0 403
229.0 35.0 403
229.0 36.0 402
229.0 37.0 403
229.0 38.0 402
229.0 39.0 402
229.0 40.0 402
229.0 41.0 402
229.0 42.0 402
229.0 43.0 402
229.0 44.0 402
229.0 45.0 402
229.0 46.0 402
229.0 47.0 402
229.0 48.0 401
229.0 49.0 402
229.0 50.0 402
229.0 51.0 402
229.0 52.0 402
229.0 53.0 401
229.0 54.0 401
229.0 55.0 401
229.0 56.0 401
229.0 57.0 401
229.0 58.0 401
230.0 18.0 404
230.0 19.0 404
230.0 20.0 404
230.0 21.0 404
230.0 22.0 404
230.0 23.0 404
230.0 24.0 403
230.0 25.0 403
230.0 26.0 403
230.0 27.0 404
230.0 28.0 406
230.0 29.0 408
230.0 30.0 410
230.0 31.0 408
230.0 32.0 406
230.0 33.0 404
230.0 34.0 403
230.0 35.0 403
230.0 36.0 402
230.0 37.0 403
230.0 38.0 403
230.0 39.0 402
230.0 40.0 402
230.0 41.0 402
230.0 42.0 402
230.0 43.0 402
230.0 44.0 402
230.0 45.0 402
230.0 46.0 402
230.0 47.0 402
230.0 48.0 402
230.0 49.0 402
230.0 50.0 401
230.0 51.0 401
230.0 52.0 402
230.0 53.0 402
230.0 54.0 402
230.0 55.0 401
230.0 56.0 402
230.0 57.0 401
230.0 58.0 401
231.0 18.0 404
231.0 19.0 404
231.0 20.0 404
231.0 21.0 404
231.0 22.0 404
231.0 23.0 404
231.0 24.0 404
231.0 25.0 403
231.0 26.0 403
231.0 27.0 403
231.0 28.0 403
231.0 29.0 405
231.0 30.0 405
231.0 31.0 405
231.0 32.0 404
231.0 33.0 403
231.0 34.0 402
231.0 35.0 402
231.0 36.0 403
231.0 37.0 403
231.0 38.0 403
231.0 39.0 402
231.0 40.0 402
231.0 41.0 402
231.0 42.0 402
231.0 43.0 402
231.0 44.0 402
231.0 45.0 402
231.0 46.0 402
231.0 47.0 402
231.0 48.0 402
231.0 49.0 402
231.0 50.0 402
231.0 51.0 402
231.0 52.0 402
231.0 53.0 401
231.0 54.0 401
231.0 55.0 402
231.0 56.0 401
231.0 57.0 401
231.0 58.0 401
232.0 18.0 404
232.0 19.0 404
232.0 20.0 404
232.0 21.0 403
232.0 22.0 404
232.0 23.0 404
232.0 24.0 404
232.0 25.0 404
232.0 26.0 403
232.0 27.0 403
232.0 28.0 403
232.0 29.0 403
232.0 30.0 403
232.0 31.0 403
232.0 32.0 403
232.0 33.0 403
232.0 34.0 403
232.0 35.0 403
232.0 36.0 403
232.0 37.0 403
232.0 38.0 403
232.0 39.0 402
232.0 40.0 402
232.0 41.0 403
232.0 42.0 402
232.0 43.0 402
232.0 44.0 402
232.0 45.0 402
232.0 46.0 402
232.0 47.0 402
232.0 48.0 402
232.0 49.0 402
232.0 50.0 401
232.0 51.0 402
232.0 52.0 401
232.0 53.0 402
232.0 54.0 401
232.0 55.0 401
232.0 56.0 401
232.0 57.0 401
232.0 58.0 401
233.0 18.0 405
233.0 19.0 404
233.0 20.0 404
233.0 21.0 404
233.0 22.0 404
233.0 23.0 404
233.0 24.0 404
233.0 25.0 404
233.0 26.0 403
233.0 27.0 403
233.0 28.0 403
233.0 29.0 403
233.0 30.0 403
233.0 31.0 403
233.0 32.0 402
233.0 33.0 403
233.0 34.0 403
233.0 35.0 403
233.0 36.0 403
233.0 37.0 402
233.0 38.0 402
233.0 39.0 403
233.0 40.0 402
233.0 41.0 402
233.0 42.0 402
233.0 43.0 402
233.0 44.0 402
233.0 45.0 402
233.0 46.0 402
233.0 47.0 401
233.0 48.0 402
233.0 49.0 402
233.0 50.0 402
233.0 51.0 401
233.0 52.0 402
233.0 53.0 402
233.0 54.0 401
233.0 55.0 402
233.0 56.0 401
233.0 57.0 401
233.0 58.0 402
234.0 18.0 405
234.0 19.0 404
234.0 20.0 404
234.0 21.0 404
234.0 22.0 404
234.0 23.0 404
234.0 24.0 404
234.0 25.0 404
234.0 26.0 404
234.0 27.0 403
234.0 28.0 404
234.0 29.0 403
234.0 30.0 403
234.0 31.0 403
234.0 32.0 403
234.0 33.0 403
234.0 34.0 403
234.0 35.0 404
234.0 36.0 403
234.0 37.0 402
234.0 38.0 402
234.0 39.0 402
234.0 40.0 402
234.0 41.0 402
234.0 42.0 402
234.0 43.0 402
234.0 44.0 402
234.0 45.0 402
234.0 46.0 402
234.0 47.0 402
234.0 48.0 401
234.0 49.0 402
234.0 50.0 402
234.0 51.0 401
234.0 52.0 402
234.0 53.0 402
234.0 54.0 402
234.0 55.0 402
234.0 56.0 402
234.0 57.0 402
234.0 58.0 401
235.0 18.0 405
235.0 19.0 404
235.0 20.0 404
235.0 21.0 404
235.0 22.0 404
235.0 23.0 403
235.0 24.0 404
235.0 25.0 404
235.0 26.0 404
235.0 27.0 404
235.0 28.0 404
235.0 29.0 403
235.0 30.0 404
235.0 31.0 403
235.0 32.0 404
235.0 33.0 403
235.0 34.0 403
235.0 35.0 403
235.0 36.0 403
235.0 37.0 403
235.0 38.0 403
235.0 39.0 402
235.0 40.0 402
235.0 41.0 402
235.0 42.0 402
235.0 43.0 402
235.0 44.0 402
235.0 45.0 403
235.0 46.0 402
235.0 47.0 402
235.0 48.0 402
235.0 49.0 402
235.0 50.0 402
235.0 51.0 402
235.0 52.0 402
235.0 53.0 402
235.0 54.0 402
235.0 55.0 401
235.0 56.0 401
235.0 57.0 402
235.0 58.0 401
236.0 18.0 405
236.0 19.0 404
236.0 20.0 404
236.0 21.0 404
236.0 22.0 404
236.0 23.0 404
236.0 24.0 404
236.0 25.0 404
236.0 26.0 404
236.0 27.0 404
236.0 28.0 404
236.0 29.0 404
236.0 30.0 404
236.0 31.0 404
236.0 32.0 404
236.0 33.0 403
236.0 34.0 403
236.0 35.0 403
236.0 36.0 403
236.0 37.0 402
236.0 38.0 403
236.0 39.0 403
236.0 40.0 402
236.0 41.0 402
236.0 42.0 402
236.0 43.0 403
236.0 44.0 402
236.0 45.0 402
236.0 46.0 402
236.0 47.0 402
236.0 48.0 402
236.0 49.0 402
236.0 50.0 402
236.0 51.0 402
236.0 52.0 402
236.0 53.0 401
236.0 54.0 401
236.0 55.0 401
236.0 56.0 401
236.0 57.0 402
236.0 58.0 402
237.0 18.0 405
237.0 19.0 405
237.0 20.0 404
237.0 21.0 404
237.0 22.0 404
237.0 23.0 404
237.0 24.0 404
237.0 25.0 403
237.0 26.0 403
237.0 27.0 404
237.0 28.0 404
237.0 29.0 404
237.0 30.0 404
237.0 31.0 404
237.0 32.0 404
237.0 33.0 403
237.0 34.0 403
237.0 35.0 403
237.0 36.0 403
237.0 37.0 403
237.0 38.0 402
237.0 39.0 403
237.0 40.0 402
237.0 41.0 402
237.0 42.0 402
237.0 43.0 402
237.0 44.0 402
237.0 45.0 403
237.0 46.0 403
237.0 47.0 403
237.0 48.0 402
237.0 49.0 403
237.0 50.0 403
237.0 51.0 402
237.0 52.0 402
237.0 53.0 402
237.0 54.0 402
237.0 55.0 401
237.0 56.0 402
237.0 57.0 402
237.0 58.0 402
238.0 18.0 405
238.0 19.0 405
238.0 20.0 404
238.0 21.0 404
238.0 22.0 404
238.0 23.0 403
238.0 24.0 404
238.0 25.0 403
238.0 26.0 404
238.0 27.0 403
238.0 28.0 403
238.0 29.0 403
238.0 30.0 404
238.0 31.0 403
238.0 32.0 403
238.0 33.0 403
238.0 34.0 403
238.0 35.0 403
238.0 36.0 403
238.0 37.0 403
238.0 38.0 403
238.0 39.0 402
238.0 40.0 402
238.0 41.0 403
238.0 42.0 402
238.0 43.0 402
238.0 44.0 402
238.0 45.0 402
238.0 46.0 402
238.0 47.0 402
238.0 48.0 402
238.0 49.0 402
238.0 50.0 402
238.0 51.0 402
238.0 52.0 402
238.0 53.0 402
238.0 54.0 402
238.0 55.0 402
238.0 56.0 402
238.0 57.0 402
238.0 58.0 402
239.0 18.0 405
239.0 19.0 405
239.0 20.0 404
239.0 21.0 404
239.0 22.0 404
239.0 23.0 404
239.0 24.0 404
239.0 25.0 403
239.0 26.0 403
239.0 27.0 403
239.0 28.0 403
239.0 29.0 403
239.0 30.0 403
239.0 31.0 403
239.0 32.0 403
239.0 33.0 404
239.0 34.0 403
239.0 35.0 403
239.0 36.0 402
239.0 37.0 403
239.0 38.0 402
239.0 39.0 402
239.0 40.0 402
239.0 41.0 402
239.0 42.0 402
239.0 43.0 402
239.0 44.0 402
239.0 45.0 402
239.0 46.0 402
239.0 47.0 402
239.0 48.0 402
239.0 49.0 403
239.0 50.0 402
239.0 51.0 402
239.0 52.0 402
239.0 53.0 402
239.0 54.0 402
239.0 55.0 402
239.0 56.0 402
239.0 57.0 402
239.0 58.0 402
240.0 18.0 405
240.0 19.0 405
240.0 20.0 404
240.0 21.0 404
240.0 22.0 404
240.0 23.0 404
240.0 24.0 404
240.0 25.0 404
240.0 26.0 403
240.0 27.0 403
240.0 28.0 403
240.0 29.0 403
240.0 30.0 403
240.0 31.0 403
240.0 32.0 403
240.0 33.0 403
240.0 34.0 403
240.0 35.0 403
240.0 36.0 403
240.0 37.0 403
240.0 38.0 403
240.0 39.0 402
240.0 40.0 402
240.0 41.0 402
240.0 42.0 402
240.0 43.0 402
240.0 44.0 402
240.0 45.0 401
240.0 46.0 402
240.0 47.0 402
240.0 48.0 402
240.0 49.0 402
240.0 50.0 402
240.0 51.0 402
240.0 52.0 402
240.0 53.0 402
240.0 54.0 402
240.0 55.0 401
240.0 56.0 402
240.0 57.0 401
240.0 58.0 402
